0.20283333	0.388375	0.16245833	12	3.2	2.4	2.4	11.2	0.47055663
0.202375	0.39575	0.15995833	1.6	0.8	0	6.4	2.4	0.47301071
0.200125	0.401875	0.156875	0	0	0	0	0	0.46548462
0.19883333	0.41291667	0.151625	2.4	0	0	0	0.8	0.45352146
0.19745833	0.41604167	0.14808333	3.2	4.8	6.4	0	1.6	0.45479058
0.19508333	0.40829167	0.151875	0.8	0.8	0	0	0.8	0.45139225
0.194	0.39370833	0.227375	0	0	0	0	4	0.46087958
0.19579167	0.39116667	0.22758333	0	0	0	0	0	0.488289
0.21395833	0.39641667	0.20825	3.2	0	0	0	0.8	0.5026885
0.22479167	0.39425	0.20029167	8.8	0.8	0	0	2.4	0.50060067
0.22875	0.38533333	0.21629167	22.4	1.6	0	0	15.2	0.50639704
0.26395833	0.38370833	0.21891667	8.8	4	1.6	3.2	11.2	0.51650596
0.26766667	0.38520833	0.207875	6.4	1.6	0	0	4	0.52888021
0.25545833	0.38575	0.313125	5.6	4	12	1.6	9.6	0.5320675
0.258375	0.381375	0.53666667	0.8	0.8	0	0	1.6	0.64775371
0.408125	0.38129167	0.49345833	0	0	0	0	0	0.7906075
0.44675	0.39183333	0.58329167	0	0	0	0	1.6	0.9045605
0.49079167	0.39695833	0.48608333	8.8	0.8	0	0	25.6	1.00424467
0.494625	0.39541667	0.42020833	0.8	0	0	0	0	0.98223796
0.46358333	0.39554167	0.36370833	0	0	0	0	0	0.93419275
0.40933333	0.39958333	0.33033333	7.2	1.6	0	0.8	6.4	0.86123521
0.37895833	0.397875	0.38270833	25.6	20	6.4	17.6	29.6	0.79181421
0.39845833	0.39483333	0.36104167	12.8	4	0	3.2	12.8	0.79358829
0.38675	0.40704167	0.49425	0.8	0.8	0	0	4.8	0.79310333
0.586375	0.43195833	0.87020833	0	0	0	0	0	1.02180592
0.938	0.47679167	0.71958333	0	0	0	0	0.8	1.41496017
0.82004167	0.49404167	0.59225	0.8	4	0	0	13.6	1.50628008
0.626625	0.46579167	0.49683333	12.8	0	0	0	4	1.41583363
0.52466667	0.45425	0.4285	0	0.8	0	0	0	1.23199871
0.45491667	0.439125	0.38604167	0	0	0	0	0	1.04951858
0.40820833	0.42704167	0.372375	0	0	0	0	0	0.89544854
0.386	0.41775	0.41775	0	0	0	0	0	0.83712446
0.40058333	0.41895833	0.38883333	0	0	0	0	0	0.82528792
0.39520833	0.41720833	0.34641667	0	0	0	0	0	0.79909087
0.3655	0.40741667	0.31291667	0.8	4	0	0	0	0.75500121
0.33775	0.40479167	0.28783333	0	0	0	0	0	0.71229521
0.31645833	0.403625	0.26783333	0	0	0	0	0	0.64190046
0.298875	0.40041667	0.25266667	0	0.8	0	0	0	0.58758371
0.28604167	0.39516667	0.239	0	0.8	0	0	0	0.56954671
0.27583333	0.39425	0.232	0	0	0	0	0	0.55466154
0.26754167	0.39020833	0.22279167	0	0	0	0	0	0.53353704
0.25991667	0.39129167	0.214625	0	0	0	0	0.8	0.52711138
0.25370833	0.38766667	0.20695833	0	0	0	0	0	0.52633379
0.24925	0.38816667	0.20170833	0	0	0	0	0	0.53395863
0.24608333	0.389875	0.19641667	0.8	0	0	0	0	0.52386842
0.24141667	0.3935	0.19154167	0	0	0	0	4	0.50981642
0.237625	0.39033333	0.18716667	0	0	0	0	0	0.49596242
0.233875	0.3885	0.18033333	0	0	0	0	0	0.48523742
0.23	0.38954167	0.172625	0	0	0	0	0	0.47659554
0.226375	0.391625	0.16916667	0	0	0	0	0	0.47163717
0.22525	0.387625	0.16545833	0	0	0	0	0	0.46635387
0.22275	0.38633333	0.16325	0	0	0	0	0	0.46912562
0.21975	0.38929167	0.16004167	0	0	0	0	0	0.47182638
0.21745833	0.3915	0.15691667	0	0	0	0	0	0.46384083
0.21429167	0.38758333	0.15470833	0	0	0	0	0	0.46412437
0.213	0.38479167	0.15216667	0	0	0	0	0	0.46420021
0.21125	0.38841667	0.14979167	0	0	0	0	0	0.46369054
0.20870833	0.39208333	0.14754167	3.2	0	0	0	3.2	0.45394279
0.20616667	0.38766667	0.14570833	4	0	0	0	5.6	0.45194008
0.20483333	0.38358333	0.143625	0.8	0	0	0	0	0.44530417
0.20370833	0.38708333	0.143	0	0	0	0	0	0.44663775
0.201875	0.38995833	0.14320833	0	0	0	0	0	0.44338317
0.19970833	0.38341667	0.14229167	0	0	0	0	0	0.44842033
0.19858333	0.38304167	0.14483333	0.8	0	0	0	0	0.44605583
0.19679167	0.38558333	0.146625	20.8	4.8	2.4	4	16	0.44810933
0.19916667	0.39058333	0.152625	20	4.8	1.6	4.8	6.4	0.44762383
0.20675	0.39291667	0.16270833	3.2	4	0	0	9.6	0.45755279
0.20875	0.42645833	0.160625	0	0	0	0	0	0.45837904
0.20820833	0.43979167	0.15283333	0	0	0	0	0	0.46726688
0.205	0.41420833	0.39675	0	0.8	0	0	0	0.49407854
0.209625	0.40079167	0.40154167	0	0	0	0	0	0.62975592
0.30079167	0.39329167	0.33691667	0	0	0	0	0	0.66785363
0.31641667	0.39508333	0.292875	0.8	0	0	0	7.2	0.67159871
0.29045833	0.39875	0.26195833	0	0	0	0	8.8	0.65536288
0.27041667	0.38995833	0.24083333	0.8	0.8	0	0	1.6	0.61492275
0.254625	0.38516667	0.22270833	1.6	0.8	0	0	1.6	0.58250404
0.24166667	0.385625	0.20941667	0.8	0.8	2.4	7.2	5.6	0.55561821
0.2345	0.38845833	0.20229167	0	0	0	0	0.8	0.53341987
0.22875	0.3865	0.20054167	0	0	0	0	0	0.51795092
0.221625	0.38870833	0.22979167	0	0	0	0	0	0.50785579
0.22533333	0.39004167	0.25620833	0	0	0	0	0	0.5261015
0.24320833	0.39279167	0.246875	0	0	0	0	0	0.53938954
0.245125	0.389625	0.23304167	0	0	0	0	0	0.54372758
0.238	0.387625	0.219625	0	0	0	0	0	0.53840813
0.23125	0.39008333	0.20804167	0	0	0	0	0	0.52745417
0.226125	0.39175	0.19895833	2.4	0	0	0	0	0.515251
0.22025	0.38545833	0.19266667	6.4	0	0	0	0	0.50903104
0.21633333	0.380375	0.18625	0.8	0	0	0	0	0.49974054
0.21216667	0.38470833	0.18045833	0.8	0	0	0	0	0.49312129
0.20929167	0.387875	0.17566667	0	0	0	0	0	0.48290967
0.20720833	0.38254167	0.17345833	0	0	0	0	0	0.47779538
0.2055	0.37695833	0.17054167	0	0	0	0	0	0.47482654
0.20270833	0.38095833	0.16804167	0	0	0	0	0	0.46919692
0.20091667	0.38358333	0.16958333	0	0	0	0	0	0.46032412
0.20158333	0.38033333	0.17295833	0	0	0	0	0	0.46561654
0.20875	0.378625	0.17833333	0	12	20	39.2	17.6	0.467643
0.21958333	0.385875	0.181625	0	0	0	0	6.4	0.48768783
0.220375	0.42404167	0.17641667	0	1.6	0	0	4.8	0.48292867
0.217625	0.47391667	0.177	0	0	0	0	0	0.49250921
0.22016667	0.436625	0.39258333	0	0	0	0	0	0.52002817
0.29570833	0.41458333	0.40383333	0	0	0	0	0	0.63807867
0.36925	0.40770833	0.40854167	0	0	0	0	0	0.71627571
0.410875	0.40770833	0.36116667	0	0	0	0	0	0.77516779
0.38866667	0.399	0.32045833	0	1.6	0	0	16.8	0.78039671
0.34970833	0.39891667	0.29154167	0	0	2.4	0	8.8	0.74174454
0.32008333	0.400375	0.269625	0	0	0	0	6.4	0.68841579
0.29866667	0.39383333	0.252625	0	0	0	0	0	0.63870433
0.28175	0.38629167	0.2385	0	0.8	0	0	1.6	0.60801329
0.26845833	0.3875	0.23883333	0	0	0	0	0.8	0.58088108
0.2625	0.38858333	0.253625	0	0	0	0	0	0.57192413
0.26158333	0.38791667	0.2465	0	0	0	0	0	0.56729771
0.25779167	0.38329167	0.23925	0	0	0	0	0	0.56913446
0.25270833	0.38208333	0.23095833	0	0	0	0	0	0.55722246
0.24725	0.38583333	0.221875	0	0	0	0	0.8	0.55044492
0.23991667	0.384	0.21479167	0	0	0	0	0	0.53752333
0.23508333	0.3795	0.207	0	0	0	0	0	0.52968542
0.23041667	0.38370833	0.19925	0	0	0	0	0	0.51732338
0.2265	0.38641667	0.193375	0	0	0	0	0.8	0.50975417
0.223125	0.38283333	0.1895	0	0	0	0	0	0.50386904
0.22066667	0.37970833	0.18520833	0	0	0	0	0	0.49578683
0.21791667	0.38291667	0.180125	0	0	0	0	0	0.48871233
0.21504167	0.38541667	0.1765	12.8	0	0	0	0	0.48434575
0.21391667	0.39066667	0.17391667	0	0	0	0	0	0.47766404
0.212875	0.38941667	0.17195833	0.8	1.6	2.4	1.6	0	0.47671725
0.209625	0.37991667	0.169	0	0	0	0	0	0.47333113
0.206625	0.381125	0.166	0	0	0	0	0	0.46905483
0.205375	0.37279167	0.163	0	0	0	0	0	0.463435
0.20445833	0.371375	0.16170833	0	0	0	3.2	0	0.45754471
0.2025	0.382125	0.159375	0	0	0	0.8	0	0.45579938
0.199125	0.38208333	0.156625	0	0	0	0	0	0.45214442
0.199	0.38029167	0.15304167	0	0	0	0	0	0.44830471
0.19929167	0.37766667	0.152875	0	0	0	0	0	0.44819225
0.20016667	0.37941667	0.15204167	0	0	0	0	0	0.447421
0.201625	0.38091667	0.14975	0	0	0	0	0	0.44655829
0.199875	0.37758333	0.14554167	0	0	0	0	0	0.444191
0.19716667	0.377375	0.14529167	0	0	0	0	0	0.439959
0.19379167	0.37741667	0.145	0	0	0	0	0	0.43629238
0.19083333	0.377875	0.146	0	0	0	0	0	0.42992829
0.18925	0.376625	0.14691667	0	0	0	0	0	0.42725967
0.18995833	0.368625	0.14570833	0	0	0	0	0	0.42568937
0.18879167	0.368375	0.14441667	0	0	0	0	0	0.42570083
0.18733333	0.36808333	0.142375	0	0	0	0	0	0.42200854
0.186125	0.36783333	0.140375	0	0	0	0	0	0.42099096
0.18691667	0.36558333	0.14016667	0	0	0	0	0	0.41959687
0.187125	0.3735	0.137375	0	0	0	0	0	0.42169412
0.18633333	0.3755	0.13520833	0	0	0	0	0	0.41633979
0.18425	0.37345833	0.13345833	0	0	0	0	0	0.42023837
0.18404167	0.36904167	0.134125	0	0	1.6	0	0	0.4161425
0.18329167	0.37395833	0.133625	0.8	0	7.2	4	0	0.41816408
0.18125	0.37645833	0.1315	0	0	0	0	0	0.415946
0.18191667	0.37683333	0.13266667	0	0	4	0	0	0.40817325
0.18354167	0.37391667	0.133875	0	0	0	0	0	0.40794029
0.1835	0.376	0.13358333	0	0	0	0	0	0.41295196
0.18104167	0.37958333	0.13166667	0	0	0	0	0	0.41223083
0.18254167	0.38008333	0.12883333	0	0	0	0	0	0.40479633
0.186875	0.37670833	0.13045833	3.2	1.6	18.4	23.2	0	0.40220238
0.18933333	0.38045833	0.13608333	0.8	1.6	6.4	6.4	0	0.4136825
0.188875	0.381375	0.13429167	0.8	0	0.8	1.6	0	0.41710546
0.189	0.38883333	0.133	0	0	0	0.8	0	0.41155562
0.18979167	0.40145833	0.13291667	0	0	0	0	0	0.41832058
0.19208333	0.39958333	0.13158333	0	0	1.6	1.6	0	0.42122738
0.19191667	0.39279167	0.13333333	1.6	2.4	12.8	4	0	0.42302825
0.19104167	0.38733333	0.1345	6.4	9.6	7.2	1.6	0	0.42344008
0.19216667	0.39420833	0.1355	1.6	0.8	4	4.8	0	0.42926796
0.195375	0.417875	0.1365	0	0	0	0.8	0	0.43057
0.20183333	0.435625	0.14183333	9.6	9.6	16.8	9.6	0	0.43726092
0.21779167	0.436875	0.15770833	20.8	27.2	30.4	24.8	0	0.44387383
0.23320833	0.46045833	0.1665	9.6	8	8.8	8	0	0.48433888
0.28745833	0.5885	0.38566667	0	0	0	0	0	0.51913746
0.55125	0.613875	0.845125	0	0	0	0	0	0.81557746
1.04554167	0.70941667	0.72475	0	0	0	0	0	1.36111379
0.980875	0.63745833	0.57891667	0	0	0	0	0	1.58457517
0.7	0.57154167	0.48720833	0	0	0	0	0	1.5078515
0.56466667	0.526875	0.42575	0	0	0	0	0	1.30830438
0.48479167	0.491125	0.38316667	0	0	0	0	0	1.10873108
0.43125	0.47275	0.3505	0	0	0	0	0	0.96197075
0.39491667	0.462375	0.32283333	0	0	0	0	0	0.85708579
0.368375	0.44916667	0.30116667	0	0	0	0	0	0.782353
0.34766667	0.43420833	0.28445833	0.8	0	0	0	0	0.72976988
0.33133333	0.427125	0.27070833	4	0	0	2.4	0	0.6921645
0.32154167	0.42979167	0.26283333	13.6	8.8	17.6	12	0	0.66233308
0.31795833	0.43179167	0.252125	1.6	0.8	0	0	0	0.64530354
0.31266667	0.451375	0.244125	9.6	2.4	0	0	0	0.63205017
0.311625	0.452625	0.244625	36.8	24.8	38.4	42.4	0	0.62483817
0.32429167	0.44391667	0.36095833	6.4	40.8	69.6	60.8	0	0.64485167
0.372125	0.465875	0.584375	0	3.2	6.4	6.4	0	0.72237958
1.02179167	0.53125	1.12683333	0	1.6	1.6	8	0	1.17509463
1.979	0.58179167	0.87791667	0	0	0	1.6	0	1.95239079
1.87904167	0.61454167	0.705875	0	0	1.6	3.2	0	2.14153767
1.37733333	0.589125	0.60108333	0	0.8	0.8	2.4	0	2.02545071
0.91804167	0.542625	0.52383333	0	0	8	7.2	0	1.77745654
0.68908333	0.51129167	0.46558333	0	0	11.2	3.2	0	1.506539
0.60233333	0.49108333	0.419625	0	0	0	0.8	0	1.26653404
0.54708333	0.47479167	0.38533333	0	0	0	0.8	0	1.10266783
0.50516667	0.453125	0.35691667	0	0	0	0	0	0.98687821
0.47116667	0.43954167	0.33366667	0	0	0	0	0	0.90871112
0.44525	0.43770833	0.31408333	0	0	0	0	0	0.84476208
0.42041667	0.43354167	0.2985	0	0	0	0	0	0.796677
0.400625	0.4235	0.28579167	0	0	0	0	0	0.75835529
0.38366667	0.41529167	0.2755	0	0	0	0	0	0.72631825
0.372625	0.41854167	0.26541667	0	0	0	0	0	0.70272788
0.363125	0.41916667	0.25629167	0	0.8	0	0	0	0.68165092
0.365	0.41191667	0.250625	0	0	0	0	0	0.66493179
0.376625	0.40825	0.24708333	0	0	0	0	0	0.65790733
0.36870833	0.411625	0.24179167	3.2	4	0.8	0	0	0.65815837
0.35716667	0.41454167	0.233375	16	9.6	4	6.4	0	0.64916962
0.34770833	0.41029167	0.23279167	0	0.8	4.8	8	0	0.64387504
0.34258333	0.40841667	0.23083333	1.6	0.8	0	0	0	0.63618558
0.338375	0.41366667	0.224125	4	2.4	0	0	0	0.62330696
0.34916667	0.41866667	0.250875	1.6	0.8	0	0	0	0.6137625
0.42083333	0.41425	0.34279167	0	0	0	0	0	0.64913425
0.43879167	0.41366667	0.32916667	0	0	0	0	0	0.73044554
0.41554167	0.42	0.33925	1.6	0	0	0	0	0.76353017
0.40458333	0.42058333	0.34829167	2.4	4	0	0	0	0.77831796
0.39483333	0.41595833	0.32470833	3.2	1.6	0	0	0	0.773344
0.37820833	0.41233333	0.30483333	5.6	2.4	0	0	0	0.75052646
0.36529167	0.41529167	0.29341667	2.4	0.8	0	0	0	0.72508517
0.42283333	0.41475	0.342375	15.2	4.8	0	1.6	0	0.70511338
0.525375	0.41120833	0.40870833	40.8	16	14.4	4.8	0	0.76602133
0.58116667	0.41283333	0.44533333	0.8	1.6	2.4	1.6	0	0.89424708
0.67120833	0.42433333	1.098	0	0	0	0	0	1.11757575
1.13070833	0.44054167	1.06375	0.8	0	0	0	0	1.88718492
1.28354167	0.44441667	0.820375	0	0	0	0	0	2.10034808
0.97416667	0.4755	0.68145833	2.4	2.4	1.6	0.8	0	1.95368258
0.701125	0.49254167	0.59241667	1.6	6.4	4.8	8.8	0	1.69564075
0.597125	0.477	0.5315	0	0	0.8	6.4	0	1.45297058
0.54358333	0.46283333	0.49875	0	0	1.6	7.2	0	1.25080217
0.51625	0.45779167	0.48141667	0	0	0	0	0	1.13241829
0.52183333	0.46779167	0.462625	0	0.8	0	0.8	0	1.05870429
0.52304167	0.474125	0.43408333	2.4	0	3.2	7.2	0	1.02175942
0.50075	0.46470833	0.40358333	0	3.2	0	2.4	0	0.99109829
0.47475	0.457375	0.38125	0.8	2.4	0	0	0	0.95357488
0.45366667	0.45691667	0.36483333	0	0	0	0	0	0.90836879
0.43720833	0.45375	0.34766667	0	0	0	0	0	0.86731854
0.42483333	0.44058333	0.33725	2.4	0	0	0	4.8	0.832905
0.42204167	0.435	0.33179167	0	4.8	0	0	0.8	0.80798871
0.426125	0.43733333	0.32470833	0.8	0.8	0.8	0.8	1.6	0.79295083
0.4175	0.43645833	0.31275	0	0	0	0	1.6	0.78360171
0.40570833	0.431375	0.30583333	0	0	0	0.8	0	0.76948446
0.398	0.43075	0.30120833	0	0	0	0	0	0.75466129
0.39508333	0.43404167	0.29733333	0	0	0	0	0	0.74300367
0.39383333	0.43341667	0.296	0	0	0	0	0	0.73056513
0.39129167	0.43683333	0.29420833	0	0	0	0	0	0.73007983
0.38395833	0.44608333	0.28779167	0	0	0	0	0	0.72502454
0.37391667	0.45004167	0.278	0	0	0	0	0	0.71938342
0.36529167	0.446625	0.266125	0	0	0	0	0	0.70017458
0.35741667	0.44220833	0.25820833	0	0.8	0	0	1.6	0.68862033
0.34904167	0.43975	0.25579167	0	0	0	0	0	0.67517892
0.34316667	0.43966667	0.25154167	0	0	0.8	0	0	0.66326046
0.33816667	0.438875	0.24325	0	0.8	0.8	0	0.8	0.65169813
0.33158333	0.436625	0.24183333	0.8	0.8	0	0	0.8	0.64092575
0.32758333	0.438375	0.24083333	0.8	0.8	0	0	2.4	0.63247404
0.32583333	0.44683333	0.23595833	0	0.8	1.6	0.8	1.6	0.62670804
0.32504167	0.44845833	0.23470833	0	1.6	1.6	1.6	5.6	0.62279946
0.33508333	0.451125	0.2425	10.4	2.4	29.6	36	23.2	0.62780875
0.37533333	0.482125	0.25425	0	6.4	23.2	11.2	0	0.6621065
0.40333333	0.597375	0.28829167	2.4	4	13.6	12	2.4	0.72334962
0.469	0.71875	0.33583333	0	0.8	0	0	4.8	0.84577762
0.512875	0.799125	0.36708333	8	0	0	0	0	0.97712513
0.54579167	0.7455	0.40770833	0.8	3.2	0	0.8	0	1.06947175
0.571625	0.68591667	0.39666667	0	0	0	0.8	0	1.10283454
0.57241667	0.63495833	0.37375	0	0.8	0.8	0	0	1.09285129
0.54604167	0.59325	0.34816667	0	0.8	2.4	2.4	0	1.05833454
0.51095833	0.56733333	0.33083333	0	0	1.6	3.2	0	1.00459196
0.48358333	0.55275	0.313375	0.8	0	0.8	9.6	0	0.94615238
0.46591667	0.54079167	0.30204167	2.4	0	0	0	0	0.89576417
0.452875	0.530125	0.29341667	8.8	7.2	4	12.8	0	0.85772379
0.44858333	0.53004167	0.28679167	4	5.6	8.8	32	0.8	0.83880775
0.45895833	0.535	0.28354167	2.4	0	0.8	8.8	0	0.82644429
0.484	0.55075	0.28454167	0.8	0	0	1.6	0	0.83527429
0.49433333	0.56366667	0.28920833	0.8	2.4	0	0	0.8	0.85936004
0.48154167	0.58375	0.29	0	0	0	0	0	0.88065908
0.47116667	0.58045833	0.288875	0	0	0	0	0	0.88555596
0.46	0.564375	0.28275	1.6	0	2.4	2.4	0	0.87131071
0.4475	0.545125	0.27775	2.4	0	2.4	0	0	0.85075325
0.435375	0.536125	0.27145833	0	0	0	0	0.8	0.82627662
0.424	0.53529167	0.26679167	0	0	0	0	0	0.80091558
0.41079167	0.52641667	0.26129167	0	0	0	0	1.6	0.78448017
0.39958333	0.51070833	0.25816667	0.8	9.6	0	0	15.2	0.76216029
0.38845833	0.502125	0.251	0.8	2.4	0	0	4.8	0.74332583
0.38075	0.50170833	0.248375	0	0	0	0	2.4	0.72486067
0.37225	0.49716667	0.25166667	0	0	0	0	0	0.71332567
0.36733333	0.49175	0.30320833	0	0	0	0	0	0.70651383
0.40004167	0.50408333	0.45095833	0	0	0	0	0	0.75333804
0.540375	0.52754167	0.50095833	0	0	0	0	0	0.88075708
0.57420833	0.53541667	0.47454167	0	0.8	0	0	0	1.01478421
0.54554167	0.53345833	0.42916667	0	0	0	0	0	1.05551758
0.50279167	0.52766667	0.38979167	0	0	0	0	0	1.02399412
0.4665	0.516125	0.362	0	0	0	0	0.8	0.95971863
0.43854167	0.48620833	0.34079167	0	0	0	0.8	0	0.89451017
0.41929167	0.45820833	0.324625	0	0.8	0	5.6	0	0.83460917
0.40483333	0.46216667	0.31375	0	0.8	0	1.6	0	0.79891862
0.39466667	0.48329167	0.30254167	0	1.6	1.6	0.8	0	0.77422208
0.38604167	0.47004167	0.2945	0	2.4	1.6	2.4	0	0.75506354
0.38008333	0.44229167	0.28620833	0	1.6	1.6	1.6	0.8	0.73886312
0.37729167	0.43779167	0.285	0	1.6	3.2	4.8	0	0.71995296
0.37416667	0.46604167	0.283375	0	3.2	4.8	4.8	0.8	0.71234462
0.37025	0.46333333	0.278625	0	0	0	0.8	1.6	0.71127796
0.36866667	0.43925	0.27641667	0	0.8	0	0.8	0	0.70413163
0.367	0.447625	0.27066667	0.8	5.6	5.6	2.4	0	0.6939945
0.36779167	0.471875	0.267125	0.8	0.8	0	0	0.8	0.69193125
0.36891667	0.46379167	0.266	0	0	0	0	0	0.69027729
0.37191667	0.43929167	0.26125	0	0.8	0	0	0.8	0.68713212
0.37508333	0.44754167	0.261	0.8	0	0	0	1.6	0.68323967
0.377375	0.47529167	0.259625	0	1.6	0.8	0.8	0	0.68456525
0.37708333	0.46575	0.25545833	0	0	0	0	0	0.68837512
0.37454167	0.44383333	0.255	0	0	0	0	0	0.68440079
0.371	0.45254167	0.25133333	0	0	0	0	0	0.67933892
0.371125	0.45916667	0.24658333	0	0	0	0	0	0.6753515
0.374125	0.458625	0.24529167	0	0	0	0	0	0.67293833
0.38220833	0.453625	0.241375	0	0	0	0	0	0.66893879
0.38341667	0.44770833	0.241	0	0	0	0	0	0.66877242
0.37720833	0.44816667	0.23991667	0	0	0	0	0	0.66918937
0.36729167	0.45045833	0.2355	0	0	0	0	0	0.66267462
0.35845833	0.44633333	0.23233333	0.8	0	0	1.6	0	0.65337771
0.35016667	0.442375	0.22725	0	0	0	0	0	0.6433705
0.34391667	0.442625	0.22591667	0	0.8	0	0.8	0	0.63442013
0.33845833	0.4455	0.22091667	1.6	0	3.2	1.6	0	0.62517608
0.33379167	0.452375	0.21991667	0.8	0	0	2.4	0	0.62194842
0.33104167	0.45345833	0.216	0	0	0	0	0	0.61717712
0.33004167	0.45745833	0.21495833	0	0	0	0	0	0.61368029
0.32954167	0.45995833	0.21275	0	0	0	0	0	0.60640208
0.33091667	0.45820833	0.213625	0	0	0	0	0	0.60460617
0.333	0.45366667	0.2135	0	0	0	0	0	0.60125967
0.33191667	0.45333333	0.21045833	0	0	0	0	0	0.60460704
0.32704167	0.45425	0.20995833	0.8	0	0	0	0	0.60409367
0.32025	0.45320833	0.20654167	0	0	0	0	0	0.60117183
0.31216667	0.44833333	0.20054167	1.6	0	0.8	0	0	0.59367975
0.30804167	0.45116667	0.199625	9.6	0	16	9.6	0	0.58816029
0.31995833	0.47220833	0.210875	29.6	25.6	61.6	44.8	64.8	0.57735679
0.3805	0.57	0.2715	1.6	12.8	9.6	8	4	0.67135642
0.49283333	0.96470833	0.41541667	0	0.8	0	0	4	0.85137988
0.87266667	1.35754167	0.81879167	0.8	3.2	6.4	4.8	0	1.21136346
1.69775	1.28891667	0.83083333	0.8	3.2	19.2	17.6	0.8	1.85069746
1.84545833	1.0085	0.7075	0	2.4	0.8	0	0.8	2.16138033
1.59604167	0.831125	0.62608333	0	0	0	0	0	2.131012
1.32383333	0.765375	0.56895833	0	0	0	0	0	1.97869175
1.08641667	0.7255	0.51795833	0	0	0	0	0	1.80505292
0.87929167	0.685875	0.47379167	4	0	2.4	3.2	0	1.62358183
0.74620833	0.65679167	0.437125	0	0	0	0	0	1.469891
0.67266667	0.63383333	0.40720833	0	0	0	0	0	1.31589792
0.62670833	0.61266667	0.38825	0	0	0	0	0	1.19989946
0.592625	0.59233333	0.36691667	0	0	0	0	0	1.11001325
0.554	0.578625	0.34516667	0	0	0	0	0	1.03665038
0.520875	0.56745833	0.329	0	0	0	0	0	0.97228879
0.49083333	0.55216667	0.30395833	0	0	0	0	0	0.91984646
0.45929167	0.532125	0.2615	0	0	0	2.4	0.8	0.85924921
0.433375	0.51825	0.25566667	0	0	0	2.4	0	0.80143087
0.41245833	0.53445833	0.272	0	0	0	0	0	0.76441721
0.44866667	0.50704167	0.272	0	0	0	0.8	0	0.74363396
0.3905	0.5015	0.27195833	0	0	0	4.8	0.8	0.71463767
0.42033333	0.4705	0.27195833	0	0	0	0	0	0.70650558
0.42829167	0.47520833	0.27195833	0	0	0	0	0	0.67699813
0.434625	0.47120833	0.27183333	0	0	0	0	0	0.64293108
0.32966667	0.46808333	0.272	0	0	0	0	0	0.62755538
0.34608333	0.47816667	0.272	0	0	0	0	0	0.63069383
0.35095833	0.49929167	0.272	0	0	0	0	0	0.62670863
0.35729167	0.50420833	0.272	0	0	0	0	0	0.62764242
0.345	0.48245833	0.272	0	0	0	0	0	0.63373937
0.35775	0.47916667	0.272	0	0	0	0	0	0.63704229
0.4065	0.48416667	0.27258333	0	0	0	0	0	0.62890983
0.36075	0.47795833	0.272625	0	0	0	0	0	0.61273625
0.331625	0.46570833	0.27295833	0	0	0	0	0	0.60854871
0.32929167	0.45520833	0.273	0	0	0	0	0	0.61308283
0.32154167	0.48820833	0.27179167	0	0	0	0	0	0.61658112
0.3325	0.50875	0.25904167	0	0	5.6	0.8	0	0.62729871
0.34679167	0.50108333	0.236625	0	0	0.8	0	0.8	0.64142904
0.35445833	0.51254167	0.23304167	0	0	0.8	0.8	1.6	0.65472029
0.35595833	0.53808333	0.23870833	4.8	4.8	0	0	4	0.67085225
0.35725	0.54375	0.232875	1.6	6.4	0	0	7.2	0.67992192
0.352125	0.53275	0.23033333	1.6	11.2	2.4	2.4	4.8	0.67734688
0.34966667	0.52133333	0.23483333	0	4	0	0	0.8	0.67318792
0.37004167	0.52470833	0.24133333	0.8	3.2	0	0	0	0.67193904
0.39929167	0.534625	0.25133333	0	3.2	0	0	0	0.68331608
0.41204167	0.53883333	0.25875	0	1.6	0	0	0	0.70814646
0.39958333	0.54833333	0.26675	0	0	0	0	0	0.72420758
0.391	0.55354167	0.2875	0	0.8	0	0	0	0.73545138
0.39291667	0.561	0.29183333	0	0	0	0	0	0.74121621
0.3975	0.561875	0.293625	0	0	0	0	0	0.75199362
0.39825	0.5555	0.29616667	0	0	0	0	0	0.7583735
0.39754167	0.548875	0.30158333	0.8	1.6	0	0	3.2	0.75934221
0.39783333	0.551375	0.33366667	4	0.8	0	0	1.6	0.76876046
0.43820833	0.55875	0.404875	0	0	0	0	0	0.81088025
0.55370833	0.577375	0.43066667	3.2	8.8	5.6	5.6	11.2	0.88987487
0.59125	0.58966667	0.421625	0.8	0.8	0.8	0.8	0.8	0.99734492
0.588125	0.60179167	0.432375	4	0	0	0	0.8	1.05938133
0.60695833	0.61908333	0.5115	0	1.6	0	0	0	1.10648429
0.69233333	0.64920833	0.56979167	13.6	5.6	4	4	26.4	1.20082854
0.77808333	0.65666667	0.57391667	0	1.6	4.8	4.8	0	1.31888792
0.79929167	0.6985	0.58941667	0	2.4	0	0	0	1.41072921
0.83654167	0.77829167	0.638125	0	0.8	0	0	0.8	1.50918404
0.950125	0.796	0.62854167	2.4	3.2	0	0	4	1.61371167
0.926375	0.75279167	0.58754167	8.8	14.4	5.6	5.6	8.8	1.65438279
0.84783333	0.75304167	0.605125	0.8	4	3.2	3.2	1.6	1.63372333
0.87591667	0.89866667	0.68604167	7.2	1.6	0	0	11.2	1.67076754
1.09370833	1.19416667	0.76670833	0	0	0	0	0	1.81300708
1.40495833	1.27516667	0.86354167	0	0.8	0	0	2.4	2.03250754
1.68641667	1.17891667	0.83758333	3.2	1.6	1.6	1.6	12	2.23993958
1.61041667	1.03391667	0.73070833	15.2	12.8	16.8	16.8	46.4	2.27242808
1.34558333	0.990125	0.71816667	5.6	3.2	2.4	2.4	2.4	2.17865979
1.22554167	1.17341667	0.98691667	0	0	0	0	0	2.17279762
1.56366667	1.346125	1.06354167	0	0	3.2	3.2	0.8	2.45980029
1.87570833	1.29025	0.92445833	0	0	0	0	0	2.62589096
1.78695833	1.19191667	0.8015	0.8	0.8	0	0	6.4	2.58567462
1.49870833	1.076	0.71833333	0.8	0.8	0	0	0	2.39986671
1.19933333	0.96516667	0.659875	0	0	0	0	0.8	2.20412837
0.96945833	0.88625	0.61658333	0	0	0	0	0	1.973069
0.82183333	0.84670833	0.57958333	0	0	0	0	0	1.79441038
0.74708333	0.825375	0.54929167	0	0	0	0	0	1.64110875
0.70275	0.81	0.52204167	0	1.6	1.6	1.6	0	1.53006671
0.66870833	0.79766667	0.50054167	7.2	8	4	4	1.6	1.43285671
0.648625	0.79941667	0.48883333	3.2	10.4	6.4	6.4	0	1.37175687
0.64445833	0.819625	0.5025	0	0	0	0	3.2	1.34581279
0.671125	0.86804167	0.59233333	1.6	0	0.8	0.8	4	1.36876917
0.78716667	0.921875	0.60233333	2.4	5.6	0	0	3.2	1.46159608
0.89220833	0.89670833	0.58266667	2.4	2.4	0.8	0.8	1.6	1.55665617
0.83933333	0.86208333	0.56195833	28	12.8	11.2	11.2	30.4	1.59079867
0.781625	0.85545833	0.59529167	5.6	4	0.8	0.8	4	1.57850533
0.80308333	0.88929167	0.93658333	2.4	0	0	0	2.4	1.62624629
1.39741667	1.002625	1.1355	0.8	0	0	0	1.6	2.12427946
1.80854167	1.00879167	0.96279167	0	0.8	0	0	23.2	2.48565233
1.63729167	0.92225	0.82658333	0.8	0.8	0	0	0.8	2.48878883
1.29220833	0.8495	0.73558333	0	0	0	0	0	2.31025196
0.99629167	0.82229167	0.67466667	0	0	0	0	0	2.06487854
0.81708333	0.807875	0.62845833	0	0	0	0	0	1.84327954
0.73745833	0.79308333	0.58895833	0	0	0	0	0	1.66725025
0.687	0.77895833	0.55445833	0	0	0	0	0	1.53119408
0.65145833	0.77654167	0.524625	0	0	0	0	0	1.42190104
0.62366667	0.76820833	0.49895833	0	0	0	0	0	1.33906396
0.60175	0.76058333	0.47629167	0	0.8	0	0	0	1.281942
0.58045833	0.75325	0.45591667	0	0	0	0	0	1.23153608
0.56229167	0.75233333	0.44070833	0	0	0	0	0	1.18627017
0.549125	0.74554167	0.425625	0	0	0	0	0	1.14837383
0.53704167	0.74245833	0.41233333	0	0	0	0	1.6	1.11034429
0.52670833	0.73616667	0.40079167	0	0	0	0	0	1.0889375
0.51770833	0.73691667	0.388875	0	0	0	0	0	1.063929
0.509375	0.680125	0.37845833	0	0	0	0	0	1.04087708
0.5005	0.60495833	0.369375	0	0	0	0	0	0.99819204
0.49233333	0.58604167	0.362625	0	0	0	0	0	0.96280329
0.48458333	0.58233333	0.354375	0	0	0	0	0	0.9366075
0.47758333	0.58191667	0.3465	0	0	0	0	0	0.91848829
0.47179167	0.577	0.33854167	0	0	0	0	0	0.90251792
0.464625	0.56825	0.333125	0	0	0	0	0	0.88625246
0.458	0.566625	0.32925	0	0.8	0	0	0	0.87131554
0.45333333	0.568	0.32529167	0	2.4	0	0	0.8	0.86046571
0.44920833	0.56758333	0.32366667	2.4	0.8	0	0	4	0.8508335
0.447875	0.5645	0.32158333	0.8	0	0	0	0	0.84620637
0.44941667	0.57041667	0.322	0	0	0	0	0	0.84408638
0.4505	0.57770833	0.32195833	0	0	0	0	0	0.84463617
0.45075	0.58	0.32108333	0	0	0	0	0	0.84502846
0.449125	0.575375	0.31833333	0	0	0	0	0	0.84180767
0.448	0.57208333	0.315375	0	0	0	0	0	0.83685129
0.44570833	0.57408333	0.310625	0	0	0	0	0	0.83149483
0.440875	0.56725	0.30333333	0	0	0	0	0	0.82367804
0.43216667	0.55754167	0.297625	0	0	0	0	0	0.81750971
0.42570833	0.5565	0.29695833	0	5.6	0	0	0.8	0.80576621
0.420375	0.55754167	0.29533333	0	0	0	0	0	0.79717704
0.41525	0.55683333	0.29158333	0	0	0	0	0	0.78975587
0.41158333	0.55270833	0.29	0	0	0	0	0	0.77935775
0.41070833	0.55345833	0.28929167	0	0	0	0	0	0.77727338
0.40633333	0.55445833	0.28558333	0	0	0	0	0	0.7679595
0.4005	0.54970833	0.28075	0	0	0	0	0	0.76095287
0.395875	0.54016667	0.27595833	0	0	0	0	0	0.74867329
0.38975	0.53770833	0.26970833	0	0	0	0	0	0.74316371
0.384375	0.536125	0.26304167	0	0	0	0	0	0.72787633
0.37875	0.53316667	0.25979167	0	0	0	0	0	0.71815708
0.37475	0.524375	0.25783333	0	0	0	0	0	0.70791133
0.370125	0.521625	0.25454167	0	0	0	0	0	0.70470742
0.366375	0.52179167	0.24979167	0	0	0	0	0	0.69647221
0.3605	0.519125	0.24529167	0	0	4	4	0	0.69341583
0.35429167	0.51229167	0.24195833	0	0	3.2	3.2	0	0.67626233
0.34991667	0.5135	0.23725	0	0	0.8	0.8	0	0.67010337
0.34925	0.52229167	0.2315	0	0	0	0	0	0.65857133
0.35125	0.52325	0.23308333	0	0	12	12	0	0.65773846
0.348375	0.51570833	0.2365	0	0	5.6	5.6	0	0.66184083
0.34708333	0.52054167	0.235875	0	0	0	0	0	0.66058675
0.346875	0.52816667	0.23233333	0	0	0	0	0	0.65933029
0.34891667	0.52754167	0.228625	0	0	0	0	0	0.65899558
0.3475	0.52554167	0.22620833	0	0	0	0	0	0.65656687
0.3475	0.52783333	0.22725	0	0	0	0	0	0.65606329
0.351	0.535625	0.23066667	0	0	0	0	0	0.66150663
0.35291667	0.52970833	0.23125	0	0	0	0	0	0.66368046
0.353	0.51566667	0.233	0	0	0	0	0	0.66601883
0.35216667	0.51325	0.233	0	0	0	0	0	0.66326288
0.351	0.51870833	0.230875	0	0	0	0	0	0.661674
0.351	0.52079167	0.22641667	0	0	0	0	0	0.65916371
0.35266667	0.51666667	0.226	0	0	0	0	0	0.65723729
0.35525	0.51866667	0.226	0	0	0	0	0	0.65765646
0.36175	0.5295	0.226	0	0.8	0	0	0	0.66276033
0.37516667	0.53404167	0.22508333	0	0	0	0	0	0.67177154
0.38791667	0.530875	0.225	0	0	0	0	0	0.68363892
0.39791667	0.531375	0.225	0.8	0	0	0	0	0.69457358
0.406625	0.53658333	0.22408333	0	0	0	0	0	0.70692379
0.408875	0.5415	0.22258333	0	0	0	0	0	0.71897775
0.40725	0.53770833	0.222	1.6	0	0	0	0	0.72526958
0.403125	0.53925	0.222	0	0	0	0	0	0.72159325
0.40158333	0.54658333	0.222	0	0	0	0	0	0.72257492
0.39770833	0.55354167	0.22145833	0	0	0	0	0	0.72771679
0.396125	0.55516667	0.22220833	1.6	0.8	0	0	0	0.72633054
0.3945	0.561375	0.223	0	0.8	0	0	0	0.72192129
0.39575	0.56595833	0.224	0	1.6	4.8	4.8	0	0.72331075
0.395	0.56725	0.224125	0	0	3.2	3.2	0	0.72241212
0.39833333	0.564875	0.225	0	6.4	2.4	2.4	0	0.720614
0.41333333	0.56533333	0.225	0	0	0	0	0	0.72502458
0.4475	0.57108333	0.22675	0	0	0.8	0.8	0	0.73902346
0.47070833	0.591125	0.22891667	0.8	0	0	0	0.8	0.76360742
0.47833333	0.59816667	0.229	0	3.2	0	0	0	0.79071063
0.4785	0.59104167	0.22879167	0	0	0	0	0	0.80489617
0.47495833	0.586875	0.22770833	0	0	0	0	0	0.80783575
0.46583333	0.5785	0.22725	0	0	0	0	0	0.7992425
0.45520833	0.56491667	0.22791667	0	0	0	0	0	0.79063575
0.44504167	0.560125	0.22729167	0	0	0	0	0	0.78384192
0.43370833	0.555625	0.22458333	0	0	0	0	0	0.77494933
0.42283333	0.54883333	0.219875	0	0	0	0	0	0.76593696
0.41070833	0.53975	0.21966667	0	0	4	4	0	0.7469765
0.40345833	0.53733333	0.22079167	0	0	0.8	0.8	0	0.73129879
0.392125	0.533625	0.21845833	0	0	0	0	0	0.71897779
0.37879167	0.52875	0.216	0	0	0.8	0.8	0	0.70354771
0.373375	0.52033333	0.21616667	0	0	0	0	0	0.68795879
0.37279167	0.51704167	0.21679167	0	0	0	0	0	0.67551463
0.36679167	0.51983333	0.215875	0	0	0.8	0.8	0	0.66752108
0.35841667	0.51579167	0.21429167	0	0	0.8	0.8	0	0.66384521
0.35275	0.504375	0.21379167	1.6	3.2	0	0	10.4	0.651783
0.34645833	0.500375	0.21183333	0	0	0	0	0	0.64370696
0.34258333	0.502125	0.207	0	0	0	0	0	0.63365471
0.33758333	0.501875	0.20504167	0	0	31.2	31.2	0	0.61842979
0.35529167	0.504375	0.22191667	6.4	0	6.4	6.4	12	0.64697713
0.40866667	0.54204167	0.23604167	8	0	0	0	0	0.67731571
0.556875	0.63754167	0.25279167	9.6	2.4	0	0	2.4	0.75935771
0.66170833	0.73533333	0.284375	11.2	14.4	1.6	1.6	15.2	0.91577504
0.71741667	0.80354167	0.32504167	8.8	8.8	0	0	13.6	1.08059925
0.756375	0.83125	0.61283333	9.6	1.6	0	0	16	1.23420446
0.83870833	0.95279167	1.1185	3.2	2.4	0	0	18.4	1.71136454
1.407375	1.18820833	1.22691667	1.6	1.6	0	0	4	2.36198263
2.13995833	1.384625	1.22229167	3.2	5.6	0	0	1.6	2.81300229
2.40845833	1.46816667	1.15404167	0	4.8	0	0	2.4	3.05622129
2.45883333	1.54504167	1.14175	29.6	1.6	71.2	71.2	37.6	3.13872875
2.70883333	1.740125	1.1925	2.4	1.6	32.8	32.8	4.8	3.28633583
3.20975	2.45258333	1.269125	20.8	0.8	11.2	11.2	34.4	3.58514679
3.65120833	2.89208333	1.19516667	0.8	0	0	0	0.8	3.88707817
3.9025	2.88916667	1.21204167	0.8	0	5.6	5.6	0.8	4.0070255
4.004625	2.79020833	1.17716667	0	0	0.8	0.8	0	4.11040121
3.942625	2.645375	1.06495833	0	0	5.6	5.6	0	4.12173529
3.74445833	2.51370833	0.95391667	0	0	3.2	3.2	0	4.02179375
3.431375	2.377375	0.87429167	0	0	0	0	0	3.85388071
3.05483333	2.21620833	0.80808333	0.8	0	0	0	0.8	3.69380554
2.67045833	2.00741667	0.745	0	0	0	0	0	3.49675488
2.29275	1.76079167	0.69620833	0	0	0	0	0	3.23844204
1.97229167	1.52804167	0.65804167	0	0	0	0	0	2.97496767
1.71816667	1.34783333	0.62541667	0	0	0	0	0	2.71921725
1.51366667	1.20275	0.59229167	0	0	0	0	0	2.47177592
1.34254167	1.11891667	0.572625	0	0	0	0	0	2.24304646
1.21254167	1.07345833	0.595	0	0	0	0	0	2.08287146
1.35395833	1.068125	0.76283333	4.8	0	0.8	0.8	4.8	2.03838417
1.90408333	1.08183333	0.89541667	10.4	0	0	0	10.4	2.22759483
2.2945	1.10254167	0.93091667	5.6	0	0	0	5.6	2.49737096
2.45558333	1.11495833	0.91366667	0.8	0	0	0	0.8	2.73889925
2.33233333	1.10525	0.87391667	0	0	0	0	0	2.776261
1.98941667	1.06379167	0.80595833	4	0	0	0	4	2.72546804
1.58445833	1.00741667	0.715875	28.8	0	0	0	28.8	2.50225471
1.25408333	0.903	0.66229167	10.4	0	4	4	10.4	2.23530567
1.064375	0.9285	0.86354167	11.2	0	0	0	11.2	2.02880042
1.37091667	1.42979167	1.28920833	1.6	0	2.4	2.4	1.6	2.40941608
1.97391667	1.76208333	1.07229167	0.8	0	8.8	8.8	0.8	2.89480108
1.88116667	1.681625	0.93620833	0	0	0	0	0	2.89903971
1.54504167	1.54195833	0.83458333	0	0	3.2	3.2	0	2.72035517
1.24195833	1.373625	0.74708333	0	0	1.6	1.6	0	2.50360325
0.99791667	1.20225	0.67820833	0	0	0	0	0	2.20736608
0.836625	1.12604167	0.62808333	0	0	0.8	0.8	0	1.9912375
0.75991667	1.08475	0.58620833	0.8	0	0.8	0.8	0.8	1.80466554
0.71141667	1.02420833	0.55066667	1.6	0	0	0	1.6	1.66975487
0.675625	0.98533333	0.52425	0	0	2.4	2.4	0	1.56084971
0.65679167	0.92554167	0.50833333	0	0	4.8	4.8	0	1.48567121
0.64708333	0.88258333	0.49725	2.4	0	5.6	5.6	2.4	1.40330408
0.63933333	0.86420833	0.47716667	0	0	0	0	0	1.35809421
0.62516667	0.85558333	0.45991667	0	0	0	0	0	1.33186621
0.61608333	0.80766667	0.44766667	4.8	0	8	8	0	1.29956771
0.61508333	0.77775	0.444875	1.6	0	4	4	0	1.25891104
0.62516667	0.78170833	0.44254167	0	0	0	0	0	1.23356446
0.67858333	0.801	0.47404167	0	0	0	0	0	1.25792087
0.81966667	0.873875	0.49875	0	0	0	0	0	1.32828783
0.94529167	0.939375	0.49170833	1.6	0	0	0	0	1.45650192
0.94379167	0.87616667	0.48295833	16.8	0	0.8	0.8	0	1.53086433
0.87295833	0.83545833	0.47420833	3.2	0	0	0	0	1.54035538
0.81770833	0.81558333	0.48270833	4.8	0	0.8	0.8	0	1.50793496
0.799	0.83058333	0.60954167	4.8	0	1.6	1.6	0	1.49274396
0.91291667	0.87525	0.82908333	1.6	0	0	0	0	1.65117721
1.28395833	0.92320833	0.9045	1.6	0	0	0	0	1.95239396
1.52579167	0.945875	0.863875	2.4	0	9.6	9.6	0	2.184406
1.54670833	0.94808333	0.80741667	3.2	0	0	0	0	2.27623567
1.46891667	0.96683333	0.74916667	8.8	0	0	0	0	2.2469955
1.31808333	0.94775	0.690875	0	0	0	0	0	2.160102
1.15341667	0.876625	0.64658333	0	0	0	0	0	2.02871871
1.00479167	0.831875	0.60933333	1.6	0	0	0	0	1.88512046
0.878375	0.80558333	0.57420833	2.4	0	0	0	0.8	1.75773258
0.79158333	0.80716667	0.54541667	0	0	0	0	0	1.64194042
0.73691667	0.87833333	0.52483333	0	0	0	0	0	1.56139396
0.70783333	0.87691667	0.509625	0	0	0	0	0	1.50474687
0.68820833	0.85325	0.49379167	0	0	0	0	0	1.45036962
0.66704167	0.84104167	0.47533333	0	0	0	0	0	1.39836467
0.64533333	0.8315	0.45870833	0	0	0	0	0	1.350602
0.62975	0.82316667	0.45245833	0	0	0	0	0.8	1.30410958
0.62141667	0.81070833	0.45291667	0	0	0	0	0	1.27903283
0.61229167	0.80566667	0.44425	0	0	0	0	0	1.25892542
0.59595833	0.7995	0.42691667	0	0	0	0	0	1.23169163
0.58220833	0.79491667	0.415125	0	0	0	0	0	1.19163929
0.57970833	0.78541667	0.4105	0	0	0	0	0	1.16612837
0.56979167	0.7835	0.40408333	0	0	0	0	0	1.15656925
0.55929167	0.78	0.39458333	0	0	0	0	0	1.13592721
0.55320833	0.777125	0.391625	0	0	0	0	0	1.11241421
0.55745833	0.77295833	0.41029167	0	0	0	0	0	1.10246596
0.57254167	0.77295833	0.42329167	0	0	0	0	0	1.11764775
0.57941667	0.749125	0.41470833	0	0	1.6	1.6	0	1.12955367
0.58008333	0.675	0.40770833	0	0	0	0	0	1.11292592
0.58983333	0.65516667	0.425875	4.8	0	1.6	1.6	0	1.10061854
0.61525	0.654	0.44575	0	0	0	0	0	1.10968771
0.63320833	0.65566667	0.454375	0	0	4	4	0	1.14201279
0.65483333	0.65470833	0.46191667	0	0	1.6	1.6	0	1.1726
0.73779167	0.64495833	0.461375	0	0	0	0	0	1.21105037
0.76779167	0.64679167	0.44404167	0	0	0	0	0	1.24319413
0.73520833	0.64829167	0.43616667	0	0	0	0	1.6	1.2670925
0.73583333	0.64508333	0.452125	0	0	0	0	0	1.28353263
0.76041667	0.63795833	0.465	0	0	0	0	0	1.29044971
0.7385	0.64254167	0.46091667	0	0	0	0	0	1.29985608
0.707125	0.64341667	0.44004167	0	0	0	0	0	1.30263046
0.6675	0.63791667	0.41654167	0	0	0	0	4	1.25990646
0.638375	0.62729167	0.401625	0	0	0	0	0	1.20590712
0.61691667	0.623	0.38833333	0	0	0	0	0	1.16487271
0.59179167	0.62116667	0.37041667	0	0	0	0	0	1.12550275
0.56958333	0.61741667	0.35695833	0	0	0	0	0	1.07921304
0.55433333	0.60975	0.34958333	0	0	0	0	0	1.02819217
0.54641667	0.60775	0.343125	0.8	0	0	0	0.8	1.00741133
0.53583333	0.60754167	0.33370833	0.8	0	0.8	0.8	0.8	0.99730396
0.52425	0.58308333	0.32495833	0.8	0	0	0	0	0.98209646
0.51616667	0.561	0.32016667	0	0	0	0	0	0.95228746
0.51858333	0.5595	0.320375	0	0	0	0	0	0.9447265
0.5225	0.56170833	0.32154167	0	0	0	0	0	0.94120892
0.51966667	0.55720833	0.31925	0	0	0	0	0	0.93960088
0.51541667	0.54866667	0.318	0	0	4.8	4.8	0	0.93454304
0.51233333	0.542625	0.31629167	0	0	0	0	0	0.91455733
0.499	0.54533333	0.30933333	2.4	0	7.2	7.2	0	0.8967935
0.49033333	0.54758333	0.307125	4.8	0	0	0	5.6	0.88951158
0.48354167	0.56975	0.30379167	0	0	0	0	2.4	0.87419963
0.48129167	0.58779167	0.300375	0	0	0	0	0	0.87100563
0.47408333	0.57508333	0.29725	0	0	0	0	0	0.8589785
0.46320833	0.56541667	0.296	0	0	0	0	0	0.847304
0.454375	0.55970833	0.29654167	0	0	0	0	0	0.83401633
0.45291667	0.55733333	0.297	0	0	0	0	0	0.82786487
0.45429167	0.55791667	0.29579167	0	0	0	0	0	0.82027987
0.44916667	0.55441667	0.291	0	0	0	0	0	0.81631754
0.444875	0.54758333	0.28825	8	0	0.8	0.8	13.6	0.80338413
0.44729167	0.54916667	0.28891667	20.8	0	7.2	7.2	9.6	0.80402008
0.45866667	0.55804167	0.29504167	0	0	4	4	0	0.81758396
0.463375	0.586875	0.297	0	0	1.6	1.6	0	0.83842037
0.465625	0.59491667	0.29745833	0	0	3.2	3.2	0	0.85365296
0.47145833	0.60529167	0.31191667	0	0	0	0	0	0.86616121
0.48204167	0.62033333	0.339875	0	0	0	0	0	0.89562233
0.47566667	0.6115	0.32883333	0	0	0	0	0	0.91286075
0.4635	0.59479167	0.31725	0	0	0	0	0	0.89764804
0.46104167	0.59095833	0.30754167	0	0	0	0	0	0.89075408
0.45595833	0.59283333	0.296125	0	0	0	0	0	0.88539779
0.445875	0.59083333	0.28616667	0	0	0	0	0	0.86506354
0.44408333	0.57970833	0.29145833	0.8	0	0	0	0	0.85177621
0.44975	0.57933333	0.29075	0	0	0	0	0	0.83999467
0.44845833	0.58383333	0.28329167	0	0	0	0	0	0.82731329
0.44404167	0.59158333	0.27808333	0	0	0	0	0	0.81893346
0.44529167	0.59270833	0.27970833	0	0	0	0	0.8	0.81592567
0.45225	0.59333333	0.283	0	0	0	0	0	0.82257258
0.45716667	0.60191667	0.283	0	0	0	0	0	0.828496
0.46170833	0.622375	0.283	5.6	0	0	0	8	0.83637892
0.46729167	0.63433333	0.28716667	5.6	0	16	16	7.2	0.85020487
0.47733333	0.66229167	0.30841667	0	0	0	0	0.8	0.86608688
0.5045	0.76529167	0.33383333	0	0	0	0	0	0.90480037
0.547625	0.82133333	0.339875	7.2	0	0	0	16	0.9823365
0.57570833	0.79770833	0.339375	0	0	0	0	6.4	1.04356304
0.57925	0.76975	0.339625	0	0	0	0	0	1.06400842
0.57633333	0.75966667	0.3455	0	0	0	0	0	1.06363629
0.57645833	0.76654167	0.34875	0	0	0	0	0	1.06504837
0.57491667	0.75175	0.35070833	0	0	0	0	0	1.07552588
0.56395833	0.73129167	0.36429167	0	0	0	0	0	1.06802283
0.55375	0.71554167	0.37725	0	0	0	0	0	1.06259417
0.550625	0.714	0.38204167	0	0	0	0	0	1.05365421
0.551	0.70966667	0.39391667	0	0	0	0	0	1.05417667
0.553	0.70625	0.408875	0	0	0.8	0.8	0	1.06103017
0.55491667	0.69716667	0.41129167	0	0	0	0	0	1.06742913
0.55320833	0.69379167	0.41533333	0	0	0	0	0	1.07166429
0.563	0.69158333	0.42604167	0	0	0	0	0	1.07923304
0.57829167	0.683875	0.42454167	0	0	0	0	0	1.0933065
0.57145833	0.67158333	0.41020833	0	0	0	0	0	1.094637
0.55670833	0.662875	0.39895833	0.8	0	0	0	0.8	1.07677917
0.54520833	0.65841667	0.38983333	0	0	0	0	1.6	1.05387629
0.535125	0.65854167	0.38341667	0	0	1.6	1.6	0	1.03347112
0.529875	0.65466667	0.38295833	0.8	0	8.8	8.8	0	1.01614246
0.543125	0.67016667	0.4065	0	0	2.4	2.4	0	1.01388596
0.60945833	0.69295833	0.45079167	0	0	0	0	0	1.05390512
0.67683333	0.70370833	0.466375	0	0	0	0	2.4	1.134192
0.68641667	0.69429167	0.45070833	0	0	0	0	2.4	1.19606471
0.663875	0.686125	0.43704167	0	0	0.8	0.8	0.8	1.20816821
0.64075	0.69533333	0.43154167	0	0	0	0	0	1.18990458
0.6255	0.71654167	0.42966667	0	0	0	0	0	1.18155696
0.611375	0.72191667	0.438125	0	0	0	0	1.6	1.17319508
0.611125	0.7135	0.48479167	0	0	0	0	1.6	1.17966758
0.68483333	0.69554167	0.52029167	0	0	0	0	0	1.21544421
0.69970833	0.687375	0.49229167	0	0	0	0	0	1.26866158
0.66225	0.68179167	0.4665	0	0	0	0	0	1.27195546
0.63195833	0.67141667	0.45858333	0	0	0	0	0	1.236795
0.63554167	0.65804167	0.45533333	0	0	0	0	0	1.20056442
0.63066667	0.656375	0.43920833	0.8	0	0	0	0	1.18061329
0.604125	0.648125	0.41716667	0	0	0	0	0	1.15634287
0.57904167	0.64025	0.40283333	0.8	0	0.8	0.8	0	1.11667479
0.56208333	0.63141667	0.39566667	0	0	0.8	0.8	0	1.07469737
0.55783333	0.640875	0.39295833	0	0	0	0	0	1.0479815
0.55266667	0.64029167	0.386	0	0	0	0	0	1.02897675
0.54183333	0.6335	0.37583333	0	0	0	0	0	1.011026
0.53070833	0.621375	0.365875	0	0	0	0	0	0.98292575
0.521125	0.61745833	0.35566667	0	0	0	0	0	0.96105408
0.51	0.61183333	0.346375	0	0	0	0	0	0.94135946
0.49958333	0.60529167	0.33775	0	0	0	0	0	0.9255575
0.49241667	0.59916667	0.33279167	0	0	0	0	0	0.9047575
0.48891667	0.60033333	0.327	0	0	0	0	0	0.89222646
0.48279167	0.60220833	0.324	0	0	0	0	0	0.88415725
0.47429167	0.594	0.31808333	0	0	0	0	0	0.87240696
0.471625	0.58041667	0.312875	0	0	0	0	0	0.86359079
0.47283333	0.57604167	0.310125	0	0	0	0	0	0.84839475
0.467	0.57383333	0.30641667	0	0	0	0	0	0.83590633
0.45579167	0.56933333	0.30066667	0	0	0	0	0	0.82573188
0.44716667	0.56091667	0.29466667	0	0	0	0	0	0.80926046
0.43920833	0.55833333	0.28975	0	0	0	0	0	0.79303033
0.43466667	0.558625	0.2865	0	0	0	0	0	0.78408413
0.428875	0.55758333	0.283125	0	0	0	0	0	0.775992
0.42341667	0.55004167	0.28075	0	0	1.6	1.6	0	0.76908429
0.419166667	0.54925	0.276291667	0	0	0	0	0	0.758293042
