0.347	0.59266667	0.24654167	9.6	8	0	4.8	20	0.7127445
0.35683333	0.64245833	0.25275	8	4.8	8.8	3.2	17.6	0.72100729
0.37775	0.67	0.272	0	0	0	0	0	0.75755175
0.39229167	0.71366667	0.307875	0	0	0	0	0	0.79525183
0.43491667	0.729875	0.37604167	19.2	34.4	32	27.2	18.4	0.8674805
0.552125	0.7685	0.5375	5.6	22.4	0	0.8	11.2	1.02595513
0.602	0.97025	0.71391667	0.8	12.8	4.8	0	0.8	1.31730871
0.76429167	1.46391667	1.00445833	0	0	1.6	9.6	0	1.71467667
1.43591667	1.84866667	0.92079167	0	0	0	0	0	2.24767471
1.76966667	1.75691667	0.75691667	0	0	0	0	0	2.4338185
1.52929167	1.44870833	0.65379167	0	0	0	0	0	2.36972008
1.14291667	1.19870833	0.58716667	0	0	0	0	0	2.15253975
0.85125	1.05195833	0.54370833	0	0	0	2.4	1.6	1.903228
0.7235	1.044625	0.51533333	0	0	0	0	0	1.70340592
0.67529167	1.18229167	0.501625	0	0	0	0	0.8	1.58763396
0.675125	1.17041667	0.5455	4	6.4	0.8	4.8	13.6	1.53093904
0.689375	1.03958333	0.525625	0	0	0	0	0.8	1.51448888
0.65591667	0.93675	0.49170833	0	0	0	0	0	1.47244671
0.62275	0.890125	0.49	19.2	28.8	29.6	41.6	27.2	1.40857179
0.643375	1.03470833	0.60654167	1.6	17.6	23.2	17.6	0.8	1.45595846
0.77845833	1.560875	0.72508333	0.8	0.8	0	0.8	0	1.72132887
1.40629167	1.88925	0.81975	0	1.6	3.2	0	3.2	2.04476533
2.121625	1.76095833	0.79541667	8	8.8	25.6	9.6	7.2	2.41974042
2.067625	1.664125	0.819	3.2	1.6	0	0.8	2.4	2.62645021
1.88033333	2.045125	0.85058333	20	20	20.8	32.8	11.2	2.72302367
1.97895833	2.37329167	1.03245833	0	3.2	13.6	0.8	3.2	2.86920158
2.39075	2.59116667	1.15608333	11.2	2.4	3.2	1.6	6.4	3.16644492
2.89058333	2.52475	1.102	0	0	0.8	0	0	3.45235887
2.97775	2.264875	0.95429167	0	0	0	0	0.8	3.47464854
2.6985	1.97929167	0.88820833	0.8	0	0	0	0	3.33517225
2.268625	1.70979167	0.78679167	0	1.6	0	0	0	3.11828983
1.82416667	1.48483333	0.71495833	0	0	0	0	0	2.83026842
1.469	1.31054167	0.66770833	0.8	0	0	0	0	2.52899363
1.21929167	1.17666667	0.62983333	0	0	13.6	4	0	2.25441283
1.04425	1.08641667	0.60483333	0.8	0	0	0	0	2.03744962
0.92279167	1.03716667	0.58379167	0	0	0	0	0	1.88359779
0.87504167	0.98754167	0.56433333	0	0	0	0	0.8	1.77064021
0.886625	0.94175	0.549625	2.4	0	0	0	0	1.69554404
0.86679167	0.905625	0.52933333	0	0.8	0	0	0	1.65309317
0.80829167	0.89129167	0.51008333	0	0	0	0	0	1.60856358
0.75604167	0.87483333	0.48845833	0	0	0	0	0.8	1.55220829
0.71529167	0.85629167	0.47466667	0	0	0	0	0.8	1.48837017
0.68645833	0.84233333	0.462125	0	0	0	0	0	1.43673462
0.66704167	0.83958333	0.44204167	0	1.6	2.4	7.2	2.4	1.3987165
0.65066667	0.83541667	0.43304167	4.8	12.8	0.8	3.2	9.6	1.36767529
0.64808333	0.84366667	0.43504167	0.8	36.8	18.4	28.8	8.8	1.31987542
0.66508333	0.99154167	0.476875	5.6	2.4	0	3.2	0	1.33343896
0.765125	1.5375	0.586375	8.8	14.4	1.6	5.6	2.4	1.50833292
1.22320833	1.761375	0.60279167	0	4	0	15.2	0	1.76300783
1.50691667	1.55958333	0.60095833	0	0	0	3.2	0	1.95833029
1.51658333	1.35	0.6305	0	0.8	0	0	0	2.05977817
1.4455	1.25420833	0.62520833	0	0	4.8	2.4	0	2.08099733
1.26708333	1.16595833	0.57666667	0	0	0	1.6	0	2.03110329
1.065	1.04975	0.53191667	0.8	0	4	7.2	0.8	1.90288096
0.90504167	0.963125	0.50245833	0	0	1.6	0	0	1.7721905
0.810875	0.91570833	0.48129167	0	0	0	0	0	1.63887792
0.75929167	0.88441667	0.463	0	0	0	0	0	1.54682408
0.72270833	0.86308333	0.44495833	0.8	0	0	0	0	1.46480892
0.69133333	0.84525	0.42983333	0	0	0	0	0	1.39218046
0.66458333	0.816	0.41508333	0	0	0	0	0	1.33679146
0.6415	0.72666667	0.40195833	0	0	0	0	0	1.27426938
0.61883333	0.694375	0.39066667	0	0	0	0	0	1.19201133
0.59866667	0.677125	0.38291667	0	0	0	0	0	1.16513521
0.58183333	0.67383333	0.37	0	0	0	0	0	1.13154896
0.56825	0.66754167	0.361125	0	0	0	0	0	1.08543304
0.55166667	0.65891667	0.353	0.8	0	0	0	0	1.04750854
0.53795833	0.65308333	0.34595833	0	0	0	0	0	1.0327235
0.52725	0.65391667	0.340625	0	0	0	0	0	1.00777783
0.51854167	0.64754167	0.335375	0	0	0	0	0	0.98437283
0.50595833	0.63654167	0.32858333	0	0	0	0	0.8	0.96584983
0.495875	0.62658333	0.32408333	0	0	0	0	0	0.9494635
0.492125	0.62945833	0.31904167	0	0	0	0	0	0.93484779
0.48475	0.62758333	0.31570833	0	0	0	0	0	0.92210375
0.47933333	0.62079167	0.312625	0.8	0	0	0	0.8	0.90954579
0.47291667	0.61741667	0.309875	0	0	0	0	0	0.89966092
0.47079167	0.62029167	0.30629167	0	0	0	0	0	0.89571167
0.46783333	0.61741667	0.303	5.6	0	3.2	4	4.8	0.88757396
0.466	0.61591667	0.30366667	4	1.6	1.6	3.2	3.2	0.88283525
0.46816667	0.61841667	0.30133333	3.2	2.4	7.2	4.8	3.2	0.87886738
0.46554167	0.62525	0.29879167	0	0	0	0	0	0.87606883
0.46445833	0.616625	0.295	0	0	0	1.6	0	0.87450854
0.45979167	0.61116667	0.2915	0	0	0	11.2	0	0.86886542
0.45733333	0.60433333	0.29095833	0.8	0	4.8	1.6	0	0.85034192
0.47616667	0.60583333	0.29229167	0	0	2.4	0.8	0.8	0.84840313
0.48904167	0.59954167	0.295625	0	0	0.8	0	0	0.85568913
0.47945833	0.59358333	0.29445833	0	0	0	0	0	0.86310475
0.46645833	0.585625	0.29008333	0	0	0	0	0	0.85735567
0.45833333	0.588125	0.28779167	0	0	0	0	0	0.84750242
0.45558333	0.586625	0.285875	0	0	0	0	0	0.83959558
0.44679167	0.58316667	0.282125	0	0	0	0	0	0.83102825
0.4405	0.57570833	0.27954167	0	0	0	0	0	0.82316321
0.4375	0.58066667	0.27704167	0	0	0	0	0	0.81456296
0.43795833	0.57983333	0.27375	0	0.8	0.8	0.8	0.8	0.80829742
0.43145833	0.57545833	0.27129167	0	0	0.8	0.8	0	0.80249646
0.42525	0.56516667	0.270125	0	0	0	0	0	0.795171
0.42304167	0.56995833	0.26875	0	0	0	0	0	0.78862754
0.41820833	0.572375	0.26641667	0	0	0	0	0	0.78237762
0.41379167	0.56995833	0.26420833	0	0	0	0	0	0.776496
0.40929167	0.56145833	0.26266667	0	0	0	0	0	0.76847417
0.406875	0.56566667	0.26083333	0	0	0	0	0	0.76206342
0.407625	0.56570833	0.25470833	0	0	0	0.8	0	0.75749792
0.40225	0.56145833	0.25145833	0	0	0	0	0	0.75071733
0.397375	0.55704167	0.24970833	0	0	0	0.8	0	0.74747113
0.39554167	0.56	0.24854167	0	0	0	0	0	0.74155508
0.39345833	0.55841667	0.24716667	0	0	0	0	0	0.73559712
0.388875	0.55695833	0.24491667	0	0	0	0	0	0.72877692
0.385625	0.55241667	0.24104167	0	0	0	0	0	0.72635921
0.38020833	0.555	0.24058333	0	0	0	0	0	0.71749371
0.37775	0.55575	0.23941667	0	0	0	0	0	0.71223975
0.37520833	0.55416667	0.23945833	0	0	0	0	0	0.70739812
0.37258333	0.54983333	0.23570833	0	0	0	0	0	0.70932721
0.371625	0.55266667	0.235	0	0	0	0	0	0.70313804
0.370625	0.55133333	0.23516667	0	0	0	0	0	0.701496
0.367125	0.55095833	0.23533333	0	0	0	0	0	0.69764025
0.364125	0.54475	0.23320833	0	0	0	0	0	0.69673654
0.36166667	0.546375	0.23091667	0	0	0	0.8	0	0.69172996
0.361	0.548125	0.22958333	0	0	0	0	0	0.68931317
0.36129167	0.54629167	0.23004167	0	0.8	0	0	0	0.68398354
0.357375	0.53991667	0.22766667	0	0	0	0	0	0.68570325
0.35529167	0.54041667	0.227	0	0	0	0	0	0.68303675
0.35491667	0.54433333	0.22616667	0	0	0	0	0	0.68091033
0.35304167	0.541125	0.22529167	0	0	0	0	0	0.67558842
0.35154167	0.53408333	0.22566667	0	0	0	0	0	0.67501025
0.35433333	0.53470833	0.22554167	0	0	0	0	0	0.67259496
0.35491667	0.53908333	0.225	0	0	0	0	0	0.67317142
0.354	0.53783333	0.22408333	3.2	0	0	0	0.8	0.6702175
0.35325	0.53654167	0.223	0	0	0	0	0	0.67099808
0.35191667	0.54075	0.223	0	0	0	0	0	0.667398
0.34858333	0.543	0.222	0	0	0	0	0	0.66821537
0.34966667	0.54633333	0.222	0	0	0	0	0	0.66476325
0.34608333	0.54079167	0.2215	0	0	0	0	0	0.6685425
0.34391667	0.53804167	0.21979167	0	0	0	0	0	0.66599742
0.34304167	0.54154167	0.219	0.8	0	0	0	0.8	0.66415158
0.34545833	0.541625	0.219	3.2	2.4	0	0.8	3.2	0.65744208
0.34741667	0.53804167	0.22	0	0	2.4	0	1.6	0.65838675
0.347625	0.53616667	0.219625	0	0	0	0	0	0.65793537
0.34383333	0.538	0.217375	1.6	0	0	0	1.6	0.65916663
0.34145833	0.53795833	0.21720833	0	0	0	0	0.8	0.65531042
0.34	0.534375	0.21554167	0.8	0	0	0	0.8	0.65359221
0.34	0.53416667	0.216	0	0	0	0	0	0.65036317
0.34395833	0.536	0.21608333	0	0	0	0	0	0.65097483
0.34704167	0.53666667	0.21683333	0	0	0	0	0	0.65187292
0.34379167	0.53179167	0.216	0	0	0	0	0	0.657812
0.34083333	0.53104167	0.216	0	0	0	0	0	0.65318267
0.339625	0.533	0.216	0	0	0	0	0	0.65240637
0.336875	0.53233333	0.21570833	0	0	0	0	0.8	0.65048221
0.33266667	0.529375	0.213125	0	0	0	0	0	0.64970225
0.33320833	0.52554167	0.21291667	0.8	0	0	0	0	0.64790383
0.331	0.53525	0.213	0	0.8	0	0.8	1.6	0.64598787
0.33058333	0.532	0.213625	0	0	0	0	0	0.64455108
0.32920833	0.52979167	0.213	0	0	0	0	0	0.64389825
0.329	0.52595833	0.213	0	0	0	0	0	0.64267442
0.329375	0.533	0.213	0	0	0	0.8	0	0.63613183
0.332625	0.53620833	0.21233333	0	0	0	5.6	0	0.63729571
0.32925	0.53025	0.212	0	0	0	0	0	0.63670096
0.32633333	0.52716667	0.21158333	0.8	0	0	0	0	0.63450562
0.32416667	0.52529167	0.21029167	0	0	0	0	0.8	0.63289692
0.323	0.52416667	0.20983333	24	0	3.2	17.6	16	0.63092821
0.32470833	0.52195833	0.2105	18.4	0	3.2	18.4	24	0.630988
0.33295833	0.54316667	0.21025	4.8	0	0.8	0	1.6	0.66868379
0.35120833	0.61070833	0.20929167	0	0	1.6	1.6	0	0.65328475
0.36691667	0.59508333	0.2105	0	0	0	0.8	0.8	0.67875188
0.36270833	0.58770833	0.33920833	0	0	0	0	0	0.69627425
0.39825	0.582625	0.40595833	0	0	0	0	0	0.80605125
0.44904167	0.583875	0.35941667	0	0	0	0	0	0.86392287
0.43670833	0.57383333	0.32683333	0	0	0	2.4	0.8	0.89783446
0.412875	0.56020833	0.30745833	0	0	0	0	0	0.86745183
0.39379167	0.55541667	0.28954167	0	0	0	0	4.8	0.82599183
0.380375	0.554625	0.27791667	3.2	0	0	0	21.6	0.79218362
0.36908333	0.55025	0.26679167	1.6	0	0	0	0	0.77074267
0.36020833	0.54145833	0.269	2.4	0	0	0	0	0.75249483
0.3555	0.5405	0.25270833	17.6	1.6	0	2.4	0	0.73296721
0.353375	0.542875	0.24733333	0	0	0	0	0	0.71853725
0.34766667	0.546125	0.245375	0	0	0	0	8.8	0.72042346
0.344	0.54458333	0.254	4.8	1.6	1.6	3.2	47.2	0.71627833
0.34758333	0.55108333	0.33370833	18.4	21.6	34.4	36.8	31.2	0.74045896
0.41225	0.64508333	0.43033333	7.2	20	36.8	56	8	0.87979058
0.66520833	1.31716667	0.65529167	0.8	1.6	10.4	21.6	1.6	1.22216896
1.33308333	2.31704167	0.88145833	0	0	0	0	0	1.92054483
2.25820833	2.18491667	0.78204167	0	0	0	0	0	2.48478033
2.35154167	1.665125	0.654125	0	0	0	0	0	2.69787617
1.909625	1.16308333	0.56370833	0	0	0	0	0	2.56185804
1.45908333	0.87716667	0.4955	0	0	0	0	0	2.30279437
1.15408333	0.795375	0.45041667	0	0	0	0	0	1.99744133
0.956625	0.759625	0.41904167	0	0	0	0	0	1.74170404
0.82566667	0.73641667	0.392625	0	0	0	0	0	1.53063358
0.73833333	0.71433333	0.37308333	0	0	0	0	0	1.39030558
0.67983333	0.70295833	0.35829167	0	0	0	0	0	1.27887083
0.636625	0.68870833	0.34341667	0	0	0	0	0	1.20258275
0.60341667	0.67425	0.32841667	0	0	0	0	0	1.131576
0.57658333	0.661375	0.31916667	0	0	0	0	0	1.08027425
0.55125	0.655	0.31029167	0	0	0	0	0	1.04832421
0.529625	0.64970833	0.30270833	0	0	0	0	0	1.03086775
0.513	0.64229167	0.29441667	0	0	0	0	0	1.06357554
0.49875	0.63141667	0.29395833	0	0	0	0.8	0	1.02002988
0.48391667	0.63	0.28445833	0	0	0	0	0	0.99452758
0.47125	0.62620833	0.27641667	0	0	0	0	0	0.95350946
0.46108333	0.62145833	0.27145833	0	0	0	0	0.8	0.96965679
0.45275	0.613125	0.272	0	0	0	0	0	0.93389929
0.44420833	0.61175	0.26570833	0	0	0	0	0	0.90408529
0.436875	0.61104167	0.259	0	0	0	0	0	0.88834021
0.42579167	0.60716667	0.25429167	0	0	0	0	0.8	0.8392125
0.415875	0.59491667	0.24858333	0	0	0	0.8	1.6	0.83671533
0.41504167	0.59341667	0.245375	0	0	0	0.8	0	0.80617283
0.41270833	0.59529167	0.24333333	0	0	3.2	1.6	0	0.81129721
0.40591667	0.59470833	0.24029167	0	0	4	13.6	0	0.78756563
0.40391667	0.59258333	0.239625	0	0	0.8	0.8	0.8	0.78428446
0.409875	0.60004167	0.239875	0	0	0	0.8	0	0.78877396
0.414	0.609	0.240875	0	0	8	0.8	0	0.79347533
0.40616667	0.597	0.23816667	0	0	16.8	12.8	0	0.79165454
0.40358333	0.58504167	0.237	0	0	0	16.8	8.8	0.78093263
0.405125	0.58470833	0.23691667	0	0	0	6.4	0	0.79304462
0.40595833	0.588375	0.235375	0	0	0	0	0	0.7825525
0.4045	0.587625	0.23358333	0	0	0	4.8	0.8	0.78591429
0.40233333	0.58216667	0.22858333	0	0	0	0.8	0.8	0.79406058
0.39929167	0.58270833	0.22770833	0	0	0	0	0	0.77298621
0.396	0.58275	0.22608333	0	0	0	0	0	0.78742713
0.39020833	0.580625	0.22266667	0	0	0	0	0	0.76126125
0.38029167	0.57104167	0.21675	0	0	0	0	0	0.77440967
0.37470833	0.56754167	0.21279167	0	0	0	0	0	0.73662012
0.36854167	0.567	0.20541667	0	0	0	0	0	0.72738575
0.366875	0.56679167	0.205875	2.4	0	0	0	1.6	0.72117575
0.37195833	0.5615	0.212875	7.2	2.4	0	0	7.2	0.73034542
0.38541667	0.56275	0.21504167	0	0	0	0	0	0.71811187
0.417125	0.564	0.21829167	0	0	0	0	0	0.72412733
0.45766667	0.564	0.22775	0	0	0	0	1.6	0.74540267
0.47770833	0.57341667	0.23908333	0	0	0	0	0	0.77103117
0.503	0.588125	0.25345833	0	0	0	0	0	0.81509621
0.52616667	0.58870833	0.276125	0	0	0	0	0	0.85459304
0.51233333	0.584625	0.2765	0	0	0	0	0	0.89485238
0.492	0.58045833	0.2705	0	0	0	0	0	0.89505458
0.48266667	0.583	0.26841667	0	0	0	0	0	0.89054792
0.47829167	0.59004167	0.26725	0	0	0	0	0	0.92631812
0.47883333	0.59183333	0.26895833	0	0	0	0	0	0.87758783
0.49941667	0.58675	0.27066667	0	0	0	0	0	0.86938929
0.525	0.58616667	0.27	0	0	0	0	0	0.87835871
0.52866667	0.58645833	0.26683333	0	0	0	0	0	0.90333521
0.51741667	0.579375	0.26320833	0	0	0	0	0	0.91982012
0.4985	0.56945833	0.25845833	0	0.8	0	0	0	0.93068967
0.48716667	0.57220833	0.25241667	0	14.4	15.2	25.6	0	0.91014087
0.49091667	0.585875	0.25983333	1.6	3.2	9.6	36	0	1.00331542
0.52208333	0.64545833	0.26858333	10.4	2.4	0	0	1.6	1.01039558
0.62179167	0.71775	0.2705	0	0	0	0	11.2	1.06502129
0.72120833	0.77920833	0.27920833	0.8	0.8	0	0	3.2	1.17298479
0.73329167	0.80208333	0.30029167	0.8	0	0	0	2.4	1.27156425
0.74233333	0.78733333	0.39720833	9.6	0	0	0	5.6	1.29776708
0.78504167	0.744625	0.447875	7.2	1.6	4	0	4	1.35780363
0.75395833	0.72054167	0.44320833	8.8	0	0	0	8.8	1.39642925
0.73908333	0.71404167	0.55329167	11.2	2.4	0	0	50.4	1.39975654
0.96466667	0.78091667	0.73458333	17.6	0	0	0	8.8	1.53843613
1.17020833	0.83383333	0.85083333	12.8	0	0	0	16.8	1.79313204
1.348125	0.944375	0.95475	2.4	0	0	0	0	2.10676663
1.24070833	0.92341667	0.89275	0.8	1.6	0	0	0	2.30724813
1.03179167	0.87375	0.949875	0	0.8	0	0	0	2.30981879
1.02066667	0.82470833	0.823875	1.6	2.4	0	0	0.8	2.23367596
0.923	0.786625	0.71254167	40.8	1.6	0	0	12.8	2.059834
0.79779167	0.75733333	0.631375	28.8	8.8	1.6	2.4	27.2	1.87407825
0.73258333	0.734375	0.62633333	9.6	5.6	0	1.6	20.8	1.69168662
1.09808333	0.71916667	1.236	0	0	0	0	0	1.72189304
2.02883333	0.739875	1.16816667	0	0	0	0	0	2.38029225
2.07	0.77325	0.9085	3.2	0	0	0	5.6	2.73283396
1.50208333	0.73391667	0.75158333	0.8	0	0	0	0	2.64379033
0.96208333	0.71083333	0.66325	0	2.4	0	0	0.8	2.31637488
0.73183333	0.70833333	0.61233333	0	3.2	0	0	4.8	1.93537621
0.65975	0.704125	0.58579167	1.6	0	0	0	0	1.64283212
0.618	0.7085	0.550375	0	0.8	0	0.8	0	1.46310504
0.59720833	0.70470833	0.52729167	4	2.4	0	0	0	1.34101025
0.59208333	0.69779167	0.50229167	37.6	15.2	0	0.8	36.8	1.27789275
0.58916667	0.69058333	0.486375	4	0	0	0.8	12	1.24939021
0.5935	0.68620833	0.584125	2.4	0.8	0	0	3.2	1.19756671
1.04633333	0.69304167	0.96095833	4.8	1.6	0	0	4.8	1.52197154
1.34495833	0.72079167	0.76441667	1.6	0.8	0	0	5.6	1.9536515
1.071875	0.71033333	0.659375	0.8	1.6	0	0	4.8	1.96681033
0.7965	0.69858333	0.60566667	18.4	5.6	17.6	20.8	18.4	1.78691288
0.70295833	0.70175	0.581625	45.6	18.4	19.2	12.8	56	1.63890283
0.7115	0.894375	0.75525	22.4	12.8	0.8	4	38.4	1.59195225
1.16641667	2.45416667	1.54175	8	4	0	0	27.2	2.19749942
2.90383333	3.34758333	1.67625	1.6	0	0	0	18.4	3.64204971
3.53416667	3.045125	1.35829167	1.6	0	0	0	0	4.29988208
3.26508333	2.697875	1.053	3.2	0	0	0	12.8	4.24419312
2.49375	2.38054167	0.89225	20	6.4	5.6	16.8	22.4	3.9724285
1.70475	2.04841667	0.81679167	20	11.2	0	0.8	36.8	3.37638033
1.22895833	1.89270833	0.90270833	2.4	0	0.8	0	0.8	2.96533946
1.23325	2.24620833	1.27383333	2.4	2.4	0	0	14.4	2.97490883
1.68595833	2.21075	1.11545833	8	4.8	0	0	8	3.30350471
1.60675	1.99104167	0.92779167	7.2	0	0	0	28.8	3.290623
1.27745833	1.81208333	0.86745833	0	0	0	0	4	3.07045971
1.01545833	1.65395833	0.824625	0	0	0	0	0	2.81091704
0.850125	1.532625	0.78170833	0	0	0	0	0	2.53108233
0.77391667	1.42204167	0.72941667	0	3.2	0.8	1.6	0	2.28383292
0.73891667	1.35379167	0.678625	2.4	12	16	31.2	0	2.08370821
0.7665	1.38470833	0.65225	10.4	19.2	16.8	31.2	0	1.98208113
1.014125	1.54416667	0.64566667	11.2	4	10.4	8.8	0	2.03745754
1.341	1.82783333	0.656125	22.4	17.6	6.4	9.6	16.8	2.22966462
1.457125	2.33433333	0.72004167	7.2	2.4	3.2	5.6	4.8	2.46704367
1.59070833	3.07095833	0.9485	0	0.8	0	0	0	2.77966675
2.12041667	3.29791667	1.07270833	0	0	0	0	0	3.28579138
2.38929167	2.91175	0.93420833	0	0	0	0	0	3.56300046
2.20416667	2.50320833	0.81391667	0	8.8	0.8	0.8	0	3.56700029
1.84808333	2.15770833	0.75429167	0	20.8	6.4	8.8	0	3.34387433
1.538125	1.98391667	0.76825	0	9.6	0.8	3.2	0.8	3.08412633
1.409	2.1525	0.83895833	11.2	0	0	0	12	2.86702658
1.56333333	2.5135	1.046625	32.8	9.6	3.2	3.2	52.8	2.92035525
1.852125	2.71441667	1.066625	11.2	2.4	0.8	5.6	19.2	3.18798875
1.91891667	2.99829167	1.238875	0	0.8	0	0	3.2	3.48781121
2.14866667	3.36595833	1.41966667	0	0	0	0	0.8	3.76023671
2.52729167	3.17529167	1.250875	0.8	0	0	0	0.8	3.98697442
2.49195833	2.85054167	1.07470833	0.8	0.8	0	0	12	3.93956042
2.18375	2.53704167	0.96604167	0	0	0	0	4	3.67224521
1.83625	2.26483333	0.87345833	0	0	0	0	1.6	3.34128179
1.49320833	2.02345833	0.799	1.6	0	0	0	8	3.06740767
1.21620833	1.835875	0.74808333	0.8	0	0	0	5.6	2.80285562
1.02479167	1.697125	0.72	4.8	0	0	0	0	2.56134446
0.91545833	1.64116667	0.98808333	9.6	4	0	0	1.6	2.36405842
1.51433333	1.74158333	1.34633333	12.8	4.8	0	0	2.4	2.68371646
2.64825	1.833625	1.412875	37.6	10.4	0	0	26.4	3.26740229
3.34066667	2.127875	1.42275	54.4	14.4	0.8	1.6	40.8	3.728769
3.69570833	2.51425	1.54154167	28	9.6	2.4	0.8	29.6	4.08695004
3.96720833	3.20258333	1.74254167	1.6	0	0.8	0.8	0	4.37437513
4.20316667	3.8925	1.88991667	0	4.8	0	0	0	4.76784554
4.26495833	3.73258333	1.62620833	0	0	0	0	0	4.931317
3.90654167	3.35445833	1.18179167	0	0	0	0	0	4.99683887
3.04220833	3.07766667	0.99645833	0	0	0	0	0	4.86926387
2.07733333	2.740625	0.8835	0	0	0	0	0	4.44737187
1.37520833	2.40529167	0.8085	0	0	0	0	0	3.82674483
1.02591667	2.07925	0.75116667	0	0	0	0	0	3.26263033
0.86858333	1.81283333	0.703875	0	1.6	0	0	1.6	2.9116015
0.79133333	1.61375	0.664375	0	0	0	0	0	2.62825112
0.74145833	1.49175	0.62925	0	1.6	0	0	0	2.329706
0.71204167	1.40979167	0.606875	0	12	2.4	1.6	32	2.14102096
0.69829167	1.3895	0.60208333	0	0.8	0	0.8	4.8	1.96021271
0.68491667	1.565	0.76933333	0	0	0	0	0	1.91480321
0.8045	1.80670833	1.04720833	0	0	0	0	0	2.15665833
1.12579167	1.721375	0.86633333	0	0	0	0	15.2	2.42189758
1.06154167	1.56925	0.75458333	22.4	8	7.2	6.4	24.8	2.36968342
0.86366667	1.530625	0.718625	4	0.8	0.8	1.6	1.6	2.21550842
0.779875	1.91333333	0.761	0.8	0	5.6	8.8	0	2.09854458
0.78070833	2.00825	0.79345833	0	0.8	16	12	4	2.12194512
0.83245833	1.84720833	0.74916667	1.6	0	0	0	6.4	2.14558275
0.96683333	1.82270833	0.69779167	0	0	0	0	0	2.12468583
1.04729167	1.74725	0.65570833	0	0	0	0	0	2.10419296
0.985625	1.60258333	0.62058333	0	0	0	0	0	2.06203537
0.87795833	1.481625	0.59204167	1.6	0	2.4	3.2	4	1.98221246
0.79245833	1.40233333	0.56825	0	0	0	6.4	0	1.88158113
0.74075	1.3385	0.54745833	0	0	4	6.4	0	1.78382987
0.70795833	1.28608333	0.52845833	0	0	0	12	3.2	1.70311967
0.68575	1.23766667	0.51179167	0	0	0	5.6	10.4	1.61432242
0.663125	1.20341667	0.49704167	0	0	0	0.8	0	1.54590704
0.64375	1.14683333	0.48358333	0	0	0	0	0	1.50172292
0.62954167	0.980875	0.472625	0	0	0	0	0.8	1.45863437
0.62	0.92033333	0.46420833	0	0	0	0	1.6	1.40328038
0.61316667	0.89575	0.455125	0	0	0	0	0	1.36392904
0.60366667	0.79295833	0.44654167	0	1.6	0	0.8	0	1.33553067
0.598625	0.764875	0.44141667	0	8.8	14.4	19.2	0	1.31750746
0.60320833	0.76666667	0.4445	0	0	2.4	4.8	12	1.28474625
0.61691667	0.77725	0.43891667	6.4	0	0	0	10.4	1.29340213
0.642375	0.77591667	0.43141667	11.2	0	0	0.8	18.4	1.2850195
0.69983333	0.78795833	0.43966667	17.6	8.8	16	14.4	18.4	1.33566571
1.06858333	1.01833333	0.64908333	0	0	0	0	0	1.481568
1.740375	2.19916667	1.321125	3.2	2.4	0	0	0	2.22349212
2.79441667	2.43058333	1.24825	4	3.2	0	0	9.6	3.4363855
2.96116667	2.18654167	1.01595833	20	13.6	14.4	16.8	32	3.63303588
2.61766667	2.17275	0.949	8	0	0	0.8	20.8	3.47923004
2.25879167	2.50554167	0.971375	7.2	0	0	0	4.8	3.37783858
2.06216667	2.417375	0.95804167	0	0	0	0	2.4	3.31368675
1.86616667	2.121875	0.85579167	0	0	0	0	0.8	3.17673271
1.59258333	1.88966667	0.77279167	1.6	0	0	0	0	2.93886492
1.316625	1.6745	0.71516667	0	0	0	0	0	2.73263571
1.09575	1.4015	0.66958333	0.8	0	0	0	0	2.49806079
0.93320833	1.23875	0.63104167	2.4	0	0	0	0.8	2.22200242
0.83041667	1.13883333	0.60091667	1.6	0.8	0	0	0	2.00710496
0.77108333	1.08441667	0.57533333	1.6	0	1.6	4	0.8	1.88571725
0.75204167	1.07329167	0.56925	12.8	17.6	30.4	40	12	1.84668625
0.80866667	1.28970833	0.58604167	12.8	0.8	0	5.6	19.2	1.8380425
1.14754167	1.77320833	0.61929167	0.8	2.4	0	0	0	1.97371796
1.432875	2.40108333	0.74691667	2.4	2.4	0	0	12.8	2.27443288
1.50570833	2.55666667	1.12225	0	0	0	0	0	2.78191512
1.77983333	2.46066667	1.191375	0.8	0	0	0	0	3.16718688
2.28366667	2.32145833	1.11004167	40	8.8	44	49.6	33.6	3.34901146
2.69491667	2.48104167	1.14854167	2.4	0.8	6.4	6.4	16	3.44643933
3.137875	3.279	1.27720833	1.6	0	0	0	0.8	3.79430446
3.51979167	3.166375	1.16479167	0	0	0	0.8	0	4.15160317
3.502125	2.86133333	1.00554167	0	0	0	0	0	4.14208146
3.12425	2.59191667	0.901875	0	0	0	0	0	4.08585921
2.61758333	2.36291667	0.82591667	0	0	0	0	0	3.95505004
2.15091667	2.159125	0.77070833	3.2	4	8.8	28.8	0	3.72624962
1.91783333	2.07666667	0.74441667	8	8.8	24	27.2	22.4	3.46070525
2.04008333	2.22408333	0.73604167	14.4	4.8	4	16	20.8	3.26859158
2.19520833	2.34754167	0.72491667	4	0	0	0	1.6	3.20123633
2.17854167	2.29708333	0.72479167	0.8	0	0	0	0.8	3.18126342
2.10279167	2.10508333	0.78770833	0	0	0	0	0	3.10964346
1.98308333	1.905375	0.73925	0	0	0	0	0	3.02929008
1.814625	1.75554167	0.69745833	0	0	2.4	17.6	0	2.90142492
1.652125	1.63779167	0.668375	1.6	0	0	7.2	0	2.742543
1.54295833	1.543875	0.642875	0	0	0	0.8	0	2.61652771
1.496	1.49608333	0.62354167	0	0	0	0	0	2.44614371
1.41708333	1.46295833	0.605125	0	0	0	0	0	2.36714512
1.30120833	1.40366667	0.583625	0	0	0	0	0	2.26090075
1.16333333	1.34366667	0.56204167	0	0	0	0	0	2.151052
1.03083333	1.175625	0.541875	6.4	0	0.8	0.8	21.6	2.05965208
0.92070833	0.88245833	0.529375	4.8	1.6	0	7.2	14.4	1.90675971
0.87208333	0.84641667	0.53141667	0	0	0	0.8	0	1.77783537
0.873625	0.87758333	0.5625	0	0	0	0	0	1.77752096
0.879	0.92616667	0.62745833	8	5.6	7.2	12	17.6	1.77683533
0.985625	0.94333333	0.75508333	0	0	2.4	4	0.8	1.92454596
1.55841667	1.01033333	0.99670833	0	0	0	0	0	2.16498983
2.37083333	1.160625	1.028	0	0	0	0	0	2.66384596
2.51991667	1.12804167	0.860375	0	0	0	0	0	2.93108046
2.14691667	1.01029167	0.75791667	1.6	0	0	0	0.8	2.85837183
1.69358333	0.91379167	0.69758333	0	0	0	0	0	2.65943729
1.36504167	0.87570833	0.65854167	9.6	3.2	5.6	11.2	15.2	2.40413992
1.18283333	0.966375	0.64483333	0	2.4	0	0	0.8	2.18626987
1.11441667	1.305875	0.66995833	1.6	1.6	0	0	4.8	2.14087204
1.125	1.434375	0.71541667	14.4	7.2	6.4	8.8	15.2	2.13701229
1.261375	1.46033333	0.74791667	8	8.8	0	0.8	16.8	2.20487567
1.42695833	1.57925	0.89020833	19.2	18.4	2.4	8.8	15.2	2.32235267
1.8285	1.667125	1.03154167	10.4	12.8	0.8	2.4	5.6	2.59830433
2.29404167	1.73529167	1.15975	14.4	12.8	2.4	0	4	2.94698808
2.736875	1.79495833	1.10720833	0	1.6	0	0	0	3.24263738
2.86375	1.86079167	1.0945	1.6	4	1.6	0.8	0	3.37907692
3.00720833	1.90233333	1.04508333	13.6	7.2	0	0.8	17.6	3.45005175
2.865	1.82995833	0.94308333	16	8.8	0	0	22.4	3.424245
2.451875	1.91575	1.02808333	0	3.2	0	0	2.4	3.29009067
2.14345833	2.343375	1.18316667	0.8	5.6	0	0	1.6	3.35495263
2.179125	2.35204167	1.0925	0	0	0	0	0.8	3.43013738
2.017375	2.18279167	0.94425	0	0	0	0	0	3.35490483
1.77295833	1.97879167	0.854875	0	0	0	0	0	3.13746413
1.55929167	1.77029167	0.786625	0	0.8	7.2	4.8	0	2.94471921
1.329	1.60233333	0.732125	0	0	2.4	3.2	0	2.66711192
1.13170833	1.482	0.69266667	0	0	0	0	0	2.44848446
0.99295833	1.39895833	0.658875	0	0	0	0	0	2.228482
0.90383333	1.34933333	0.6285	0	0	4.8	1.6	0	2.09281983
0.84625	1.30779167	0.60245833	0.8	0	2.4	5.6	0	1.96414746
0.80191667	1.26416667	0.57558333	0	0	0	5.6	0	1.86930308
0.76466667	1.212875	0.55133333	0	0	0	5.6	0	1.82494533
0.73633333	1.1825	0.52845833	0	0	0	0.8	0	1.723421
0.71045833	1.15866667	0.51220833	0	0	0	0	0	1.68126275
0.69379167	1.13845833	0.50270833	4.8	0	5.6	4.8	2.4	1.68681287
0.70583333	1.12704167	0.50329167	28.8	3.2	2.4	8	16	1.63299946
0.81254167	1.05370833	0.49791667	12	0.8	0	0	17.6	1.66053654
0.92033333	0.95641667	0.5695	0	0	0	0	0	1.63836767
1.20616667	0.96441667	1.1455	0.8	0	0	0	0	1.94903721
1.72145833	0.98825	0.88154167	0	0	0	0	0	2.47804554
1.52283333	0.96529167	0.72720833	0	0	0	0	0	2.48063458
1.15083333	0.927625	0.65133333	8.8	0	0	0	28.8	2.27852967
0.89895833	0.89945833	0.60483333	3.2	0	0	0	13.6	2.0270115
0.798375	0.914125	0.57391667	0.8	0	0	0	9.6	1.85413104
0.75316667	0.98575	0.59225	0.8	0	0	0.8	8	1.71894054
0.733625	0.97316667	0.62275	0	0	0	0	0	1.70138683
0.72925	0.94070833	0.61	1.6	0	0	0	10.4	1.6851525
0.72579167	0.91966667	0.59116667	4.8	0	0	0	4.8	1.64994504
0.716875	0.906375	0.57166667	0	0	0	0	0.8	1.62254533
0.70458333	0.897625	0.581625	0	0	0	0	0	1.56653113
0.69641667	0.89558333	0.684625	0	0	0	0	0	1.558134
0.70720833	0.884875	0.61841667	4	0	0	0	4.8	1.60789296
0.69316667	0.879125	0.56504167	9.6	3.2	0	0	15.2	1.57137846
0.67270833	0.87783333	0.53483333	47.2	18.4	2.4	9.6	53.6	1.51437763
0.66154167	1.08566667	0.58633333	1.6	0.8	0	0	0.8	1.47283538
0.70666667	1.91645833	1.233875	0	0	0	0	0	1.60837629
1.37666667	1.78325	1.13725	0	0	0	0	0	2.44766596
1.53895833	1.40541667	0.88329167	0	0	0	0	0	2.79824896
1.184625	1.22225	0.75604167	0	0	0	0	0	2.65245779
0.87808333	1.08458333	0.67920833	0	0	0	0	0	2.33379162
0.75941667	1.01008333	0.62766667	13.6	3.2	1.6	4.8	35.2	2.00974904
0.71179167	0.97516667	0.59383333	27.2	9.6	0	4	57.6	1.78237521
0.69054167	0.97516667	0.57925	1.6	4	0	0	9.6	1.65687383
0.69116667	1.285125	0.89716667	22.4	8	2.4	8.8	20.8	1.60879029
1.04575	1.76004167	1.126375	11.2	9.6	3.2	1.6	9.6	2.06108396
1.615	2.09608333	1.28341667	7.2	0.8	0.8	0.8	16	2.73687575
1.98716667	2.74404167	1.22383333	1.6	0	0	0	9.6	3.41412583
1.8885	2.901125	1.05820833	2.4	0	0	0	1.6	3.73420838
1.505	2.57458333	0.909875	26.4	32.8	0	0	12	3.62258479
1.15329167	2.23354167	0.87758333	26.4	21.6	8.8	8	18.4	3.30499883
1.421125	2.045	1.334875	11.2	10.4	4.8	4.8	13.6	3.03014329
2.84108333	2.12525	1.58020833	5.6	19.2	36	4.8	14.4	3.40572937
3.54925	2.656375	1.492	0.8	0.8	0	0	0	4.08051967
3.83804167	3.105375	1.33270833	0	0	0	0	16	4.41647587
3.8505	3.18795833	1.13054167	5.6	0	0	0	0.8	4.54127579
3.50429167	2.98220833	0.97379167	0	0	0	0	0	4.48292654
2.89945833	2.66391667	0.87825	0	0	0	0	0	4.17517204
2.22316667	2.34183333	0.80641667	0	0	0	0	0	3.77061975
1.66104167	2.03425	0.75108333	12.8	0.8	0	0	4	3.35747975
1.30554167	1.786125	0.716625	4.8	0.8	0	0	2.4	2.97482292
1.10591667	1.65275	0.79375	12.8	3.2	0	0	10.4	2.70802938
1.267625	1.66933333	1.11616667	0.8	1.6	0	0	0.8	2.67533975
1.80316667	1.66808333	1.111875	1.6	0	0	0	0	2.90020292
2.03583333	1.66204167	1.07520833	5.6	0.8	0	0	0.8	3.01049754
1.92183333	1.641125	0.89233333	3.2	0	0	0	2.4	3.04054225
1.51116667	1.54895833	0.792625	0	1.6	0	0	0	2.84131617
1.15370833	1.4485	0.73375	0	0	0	1.634	0.8	2.59713754
0.942	1.36504167	0.69979167	0	0	0	0	0	2.2957575
0.84483333	1.3205	0.67108333	4	0	0	0	0	2.11748596
0.80604167	1.291125	0.642375	5.6	1.6	0	0	10.4	1.97167883
0.78141667	1.24375	0.62175	35.2	13.6	0	1.6	22.4	1.87849967
0.76358333	1.20229167	0.62058333	14.4	7.2	7.2	4	15.2	1.82514154
0.80116667	1.21045833	0.943125	4.8	0.8	2.4	0	0.8	1.82750163
1.59825	1.30841667	1.28354167	0	0	0	0	0	2.34780562
2.14691667	1.416625	1.02829167	0.8	0	0	0	0	2.98212896
1.82529167	1.39479167	0.8555	0	0	0	0	0	2.92486717
1.32795833	1.31716667	0.75775	0	0	0	0	0	2.70323075
0.98979167	1.24045833	0.700625	0	0	0	0	0	2.40022254
0.83	1.18516667	0.65966667	0	0	0	0	0	2.11391904
0.79458333	1.18304167	0.64304167	1.6	28	26.4	60.8	0	1.96246937
0.95254167	1.43116667	0.65925	11.2	6.4	0	21.6	1.6	1.99775025
1.324875	1.98983333	0.69041667	0	0	0	0	0	2.20252725
1.47333333	2.3855	0.728375	0	0	0	0	0	2.42479658
1.49941667	2.38679167	0.84945833	0	0	0	0	0	2.60665029
1.693625	2.22058333	1.004125	0	0	0	0	0	2.72177583
1.91504167	2.026375	1.00975	0	0	0	0	0	2.87620862
1.978625	1.797375	0.92	0	0	0	0	0.8	2.96591696
1.80791667	1.54691667	0.82904167	4.8	0	0	0	0.8	2.90712621
1.5075	1.36833333	0.76241667	0	0.8	1.6	0	0.8	2.71829038
1.23070833	1.24904167	0.73191667	0	0	0	0	0	2.48229212
1.07216667	1.18954167	0.72591667	6.4	0	0	1.6	9.6	2.26295833
1.02904167	1.13733333	0.7035	0.8	0	0.8	20.8	3.2	2.11749971
0.977625	1.09516667	0.67879167	0	0	0	3.2	0.8	2.03237458
0.94058333	1.15591667	0.6805	0.8	0	0	0	0	1.97116646
0.946625	1.24845833	0.69133333	0.8	0	0	0	0.8	1.96233412
0.942	1.16983333	0.661375	0	0	0	0	0	1.96345821
0.87416667	1.08620833	0.62816667	1.6	0	0	0	0	1.91283238
0.81595833	1.03366667	0.60145833	2.4	0	0	0	0	1.82812583
0.77958333	0.99020833	0.57770833	0	0	0	0	0	1.73429096
0.75179167	0.952125	0.55883333	28	5.6	0.8	0.8	19.2	1.65016867
0.73308333	0.93175	0.55154167	14.4	2.4	0.8	1.6	17.6	1.58612504
0.7195	0.8635	0.565625	0	0	0	0	0	1.53804112
0.73454167	0.86279167	0.865375	0	0	0	0	0	1.52508212
0.95920833	0.87570833	0.83833333	0	0	0	0	0.8	1.78162554
0.97129167	0.85041667	0.7195	0	0	0	0	0.8	1.93183058
0.83208333	0.82654167	0.654375	0	0	0	0	0	1.88970708
0.75104167	0.80641667	0.60833333	0	0	0	0	0.8	1.76388104
0.70816667	0.79208333	0.57625	0	0	0	0	0	1.63539908
0.68166667	0.78725	0.55295833	0	0	0	0	0	1.53478871
0.66075	0.782	0.53091667	0	0	0	0	0	1.467966
0.64583333	0.77504167	0.51104167	0	0	0	0	0	1.41973525
0.63458333	0.76683333	0.49820833	0	0	0	0	0	1.40091742
0.622625	0.76625	0.48683333	0	0	0	0	0	1.35847346
0.61	0.76025	0.47404167	0	0	0	0	0	1.31858529
0.59904167	0.75241667	0.46145833	0	0	0	0	0	1.30598296
0.58795833	0.74258333	0.44929167	0	0	0	0	0	1.26992675
0.57870833	0.743	0.44108333	0	0	0	0	0	1.25635792
0.57020833	0.73979167	0.429875	0	0	0	0	0	1.24196262
0.56079167	0.73195833	0.42054167	0	0	0	0	0	1.20734183
0.55175	0.72295833	0.41033333	0	0	0	0	0	1.18297142
0.54383333	0.72466667	0.40175	0	0	0	0	0	1.18639171
0.53795833	0.72104167	0.39483333	0	0	0	0	0	1.16734971
0.53041667	0.715375	0.38716667	0	0	0	0	0	1.16042104
0.52408333	0.70704167	0.37766667	0	0	0	0	0	1.10537967
0.515625	0.70941667	0.36925	0	0	0	0	0	1.11986617
0.50508333	0.70658333	0.35595833	0	0	0	0	0	1.10341883
0.49995833	0.70754167	0.34895833	0	3.2	0	1.6	0	1.07500279
0.499875	0.708625	0.353625	0	0.8	2.4	9.6	0	1.08186246
0.50029167	0.715125	0.35120833	0	0	0	0	0	1.08026308
0.49791667	0.71291667	0.3465	0	0	0	0	0	1.04468287
0.49191667	0.703125	0.34079167	0	6.4	0	0	1.6	1.03391887
0.48525	0.69420833	0.340875	1.6	1.6	7.2	5.6	10.4	0.99478062
0.48216667	0.69720833	0.33654167	0	0	0	0.8	0	0.98321496
0.48133333	0.68291667	0.33375	0	0	0	0	0	0.97390813
0.482	0.66333333	0.33125	1.6	0	0	0	0.8	0.98730179
0.47858333	0.65108333	0.328625	1.6	0	0	0	0.8	0.99158792
0.473875	0.65625	0.327375	0	0	0	0	0	1.00296921
0.47579167	0.66008333	0.32733333	0	0	0	0	0	1.04894037
0.477875	0.66208333	0.32566667	0	0	0	0	0	0.98881996
0.47725	0.65816667	0.32520833	0	0	0	0	0	0.97729871
0.4745	0.66695833	0.32554167	0	0	0	0	0	0.95664437
0.472375	0.67433333	0.32841667	0	0	0	0	0	0.93739171
0.471	0.68558333	0.32525	0	0	0	0	0	0.93443312
0.47091667	0.6705	0.32279167	0	0	0	0	0	0.92876538
0.46754167	0.66483333	0.321	0	0	0	0	0	0.92092271
0.462875	0.65933333	0.31895833	0	0	0	0	0	0.91308362
0.459	0.65404167	0.3145	0	0	0	0	0	0.90824412
0.4565	0.64695833	0.31070833	0	0	0	0	0	0.90426054
0.454125	0.64791667	0.30770833	0	2.4	3.2	1.6	0	0.89618358
0.450125	0.64479167	0.304125	0	0	0	0	0	0.88682763
0.44566667	0.63825	0.30416667	1.6	0	0	6.4	1.6	0.87858762
0.44141667	0.63041667	0.3	0	2.4	8	13.6	0	0.87207088
0.4455	0.63258333	0.29625	0	0.8	4	3.2	0	0.86497563
0.44545833	0.63316667	0.297125	0	0	0.8	2.4	0	0.86108737
0.43904167	0.62879167	0.29208333	0.8	1.6	1.6	12	1.6	0.86034692
0.43070833	0.617	0.288625	0.8	0	0	8	0	0.85805275
0.4385	0.62158333	0.28866667	0	0	0	0	0	0.84658437
0.43508333	0.62291667	0.284375	0	0	0	0	0	0.84424692
0.42345833	0.6205	0.283	0	0	0	1.6	0	0.86030938
0.4225	0.61533333	0.28520833	0	1.6	0	0	0	0.91253904
0.42883333	0.629875	0.28625	0	4	5.6	3.2	0	0.92099375
0.430375	0.647875	0.28591667	0	0.8	0	4	0	0.91767608
0.42654167	0.63779167	0.285	0	0	0	3.2	0	0.94800271
0.426	0.625875	0.28516667	5.6	0	0	0	0	0.90833196
0.426	0.63170833	0.28233333	0	0	0	0	0	0.89249508
0.42579167	0.63791667	0.27991667	0	0	0	0	0	0.86874446
0.42120833	0.62554167	0.27829167	0	0	0	0	0	0.86610637
0.41570833	0.61195833	0.2775	0	7.2	3.2	1.6	0	0.90249837
0.41791667	0.62125	0.285375	16	29.6	52	44	0	0.88478946
0.46520833	0.67333333	0.32158333	19.2	12	4.8	20	14.4	0.93207083
0.63404167	0.88025	0.37345833	8	0	0	0	24.8	1.18529913
0.823	1.20770833	0.41725	13.6	0	0	0	11.2	1.54352529
1.085	1.44383333	0.46529167	14.4	11.2	22.4	15.2	14.4	1.87522421
1.41975	1.73504167	0.581	4	0.8	3.2	0.8	0.8	2.130859
1.83958333	2.192	0.77791667	5.6	1.6	0	0	3.2	2.44977225
2.29029167	2.47858333	1.00391667	6.4	2.4	0	13.6	14.4	2.9080365
2.66666667	2.83345833	1.310375	16.8	0.8	2.4	0.8	19.2	3.35629812
3.10929167	3.25991667	1.61479167	7.2	0	0.8	1.6	8	3.97596433
3.68325	3.14766667	1.58270833	4.8	0	0	7.2	8	4.4341705
4.02225	2.95691667	1.425875	1.6	0.8	0	2.4	7.2	4.63200854
4.089875	2.83158333	1.23575	0.8	0	0	0.8	3.2	4.73932012
3.927625	2.71133333	1.10404167	0	0	0	1.6	0.8	4.58468633
3.59916667	2.563375	0.992875	0	0	0	0	0.8	4.42586887
3.16458333	2.38708333	0.8975	0	0	0	0	0	4.10175242
2.68266667	2.186	0.823	0	0	0	0	0	3.81989263
2.21533333	1.97379167	0.76975	10.4	0	4	7.2	16.8	3.60194725
1.867125	1.77704167	0.72783333	0	0	0	0	6.4	3.24532529
1.59133333	1.637875	0.68745833	3.2	0	0	0	12	2.95259033
1.34991667	1.54208333	0.662375	0	0	0	0	0	2.7222625
1.169	1.45366667	0.66704167	16.8	8.8	0	0	8	2.46559329
1.177625	1.38870833	0.73579167	34.4	24	10.4	6.4	51.2	2.34387654
1.32775	1.36575	0.90945833	3.2	3.2	0	0	2.4	2.29397208
2.02945833	1.54241667	1.39191667	0	0	0	0	0	2.71776675
2.76354167	1.743	1.13075	0	0	0	0	0	3.36414425
2.53629167	1.69675	0.921	1.6	0	0	0	0	3.37253854
1.92333333	1.54429167	0.81466667	0.8	1.6	0	0	3.2	3.09015646
1.41579167	1.41870833	0.74270833	0	0	0	0	1.6	2.81122379
1.10833333	1.32970833	0.700625	17.6	4.8	0	0	8	2.48142092
0.97170833	1.27091667	0.6925	6.4	4.8	0	1.6	8	2.22838546
1.06245833	1.220875	0.72704167	0	1.6	0	0	0	2.08018633
1.39366667	1.19525	0.94745833	0	0	3.2	0.8	0	2.13793204
1.6875	1.18254167	0.88445833	0	0	0	0	0	2.41420787
1.49829167	1.16333333	0.75208333	0	0	0	0	9.6	2.46069438
1.16191667	1.1205	0.68008333	0	0.8	0	0	2.4	2.29062254
0.92375	1.09925	0.6345	0	1.6	0	0	28.8	2.10413579
0.81875	0.967875	0.62329167	0	0	0	0	13.6	1.94014971
0.80383333	0.9155	0.93816667	0	0	0	0	0	1.80726292
0.98908333	0.99983333	1.19875	0	0	0	0	1.6	2.257477
1.26783333	1.03854167	0.93370833	0	0.8	0	0	36.8	2.57332675
1.12820833	0.96558333	0.77708333	0	0.8	0	0.8	22.4	2.41171883
0.892	0.91391667	0.71320833	0	0.8	0	0	2.4	2.16594333
0.78704167	0.913	0.79308333	0	8	0	0	23.2	1.97615696
0.799875	0.94729167	0.98683333	0	0	0	0	18.4	1.97915421
1.26016667	0.956	1.3575	0	0	0	0	0	2.3169835
1.92341667	1.08670833	1.17529167	6.4	1.6	0	0	10.4	2.94759642
1.77175	1.0935	0.92770833	0.8	0.8	0	0	1.6	2.98766267
1.283875	0.99325	0.80379167	0	0	0	0	0	2.68652404
0.92229167	0.93958333	0.74308333	0	0	0	0	0	2.32897333
0.786625	0.90525	0.69170833	0	0	0	0	0	2.04738508
0.727625	0.88154167	0.636875	0	0	0	0	0	1.83761871
0.68379167	0.87195833	0.59004167	0	0	0	0	0	1.68246721
0.65316667	0.86345833	0.55970833	0.8	5.6	0	0	0	1.5798065
0.62975	0.855625	0.53179167	19.2	17.6	0	0	22.4	1.48274083
0.61341667	0.85016667	0.50725	3.2	3.2	0	0	7.2	1.4271575
0.601	0.85158333	0.496875	5.6	0.8	0	0	1.6	1.36811146
0.766625	0.85	0.70908333	0	0.8	0	0	0	1.37504929
0.959875	0.84829167	0.68125	1.6	0	0	0	8	1.574288
0.85133333	0.843125	0.61829167	16.8	4	0	0.8	16	1.74764121
0.74708333	0.84941667	0.57433333	32.8	9.6	0	1.6	36	1.73910579
0.68804167	0.86754167	0.57633333	6.4	9.6	0	0	5.6	1.66090317
0.67870833	0.94545833	1.12504167	7.2	4	0	0	13.6	1.63859187
1.31154167	1.164875	1.23775	0.8	0.8	0	0.8	0.8	2.19483379
1.892375	1.25041667	1.03454167	0	0	0	0	0	2.76859462
1.6255	1.13704167	0.871375	0	0	0	0	0.8	2.7841175
1.12108333	0.97016667	0.765	24	2.4	0	0	16.8	2.52135567
0.80229167	0.904375	0.6995	3.2	6.4	0	0	13.6	2.157113
0.70129167	1.24079167	1.21308333	2.4	0	0	0	4	1.97161425
1.07041667	1.88629167	1.26575	0.8	0	0	0	0.8	2.65747942
1.49933333	1.76995833	0.96383333	1.6	0	0	0	4.8	2.93526008
1.23029167	1.502625	0.821375	1.6	0	0	0.8	2.4	2.71125688
0.89025	1.26575	0.73225	1.6	1.6	0	0	0	2.37132042
0.743	1.099875	0.66808333	4	2.4	0	0	8	2.05645879
0.68175	1.00258333	0.62579167	13.6	16	4	0.8	10.4	1.82865879
0.643	0.9505	0.60075	5.6	4.8	6.4	4.8	4	1.65561183
0.61858333	0.93916667	0.58758333	0	1.6	2.4	0	0	1.55416921
0.60604167	0.95191667	0.6055	0	0.8	0	0	0	1.50632621
0.604125	0.93808333	0.613625	8	0	0	0	9.6	1.47610263
0.60175	0.90504167	0.571625	0.8	0.8	0	0	0	1.462614
0.579	0.89341667	0.53445833	1.6	0	0	0	0.8	1.40226242
0.561375	0.88383333	0.522375	6.4	0	0	0	4.8	1.36617163
0.558125	0.86991667	0.53208333	0.8	0	0	0	0.8	1.33373279
0.574125	0.854625	0.52575	9.6	1.6	4	13.6	22.4	1.322001
0.57783333	0.85929167	0.5115	0	0.8	0	0	4	1.32633142
0.56933333	0.87858333	0.519375	0	0	0	0	0	1.29291571
0.57441667	0.9035	0.64391667	0	0	0	0	0.8	1.34079229
0.63720833	0.89395833	0.606	0	0	0	0	0	1.41853029
0.63545833	0.83708333	0.54458333	0	1.6	0	0	0	1.43985171
0.59491667	0.737125	0.502125	0	0	0	0	0	1.37932979
0.5645	0.70295833	0.48695833	0.8	0	0	0	0	1.26865892
0.55745833	0.687125	0.48495833	0	0	0	0	0	1.20701013
0.54933333	0.6855	0.45841667	0	0.8	0	0	0	1.17493492
0.53045833	0.68308333	0.438125	0	0	0	0	0	1.15078696
0.51541667	0.67745833	0.425375	0	0	0	0	0	1.11696837
0.50916667	0.66804167	0.41370833	0	0	0	0	0	1.09128725
0.50808333	0.66804167	0.403625	0	0	0	0	0	1.05902375
0.5035	0.66345833	0.39629167	26.4	1.6	0	0	16	1.03754379
0.49466667	0.660875	0.38779167	7.2	0	0	0	4	1.03569346
0.49270833	0.66179167	0.39708333	0	0	0	0	0	1.01525146
0.52316667	0.675125	0.76525	0	0	0	0	0	1.0323655
0.7535	0.68054167	0.72816667	16	7.2	0	0	3.2	1.35609888
0.74970833	0.67504167	0.61545833	61.6	32	0.8	0	42.4	1.53768642
0.66008333	0.66591667	0.68408333	45.6	20.8	0.8	0.8	58.4	1.46873612
1.21220833	0.679375	1.55108333	6.4	6.4	0.8	0	66.4	1.57934887
3.00079167	0.9105	1.79516667	0.8	0.8	0	0	0	2.88988458
3.77583333	2.630875	1.78854167	0	0	0	0	0	4.12479263
3.77304167	3.031	1.28666667	0	0	0	0	0	4.58692542
3.01229167	2.693375	1.00554167	0	0	0	0	0	4.6241005
1.90358333	2.30575	0.853125	6.4	0	0	0.8	29.6	4.17674542
1.1245	1.81470833	0.7645	11.2	8.8	14.4	15.2	19.2	3.37085888
0.81441667	1.31566667	0.71420833	0.8	0	0	0	3.2	2.738972
0.73566667	1.14575	0.78895833	0	0	0	0	0	2.26348313
0.83266667	1.18583333	0.84529167	0	0	0	0	0	2.08705708
0.92570833	1.17766667	0.71975	0	0	0	0	0	2.09056112
0.790625	1.092	0.64691667	0	0	0	0	0	2.00890954
0.69629167	1.01295833	0.597375	0	0	0	0	0	1.84193162
0.64054167	0.84354167	0.56016667	0	0	0	0	0	1.66825896
0.60604167	0.80320833	0.53141667	0	0	0	0	0	1.49830883
0.57970833	0.79066667	0.5085	32.8	3.2	0	0.8	16.8	1.380832
0.56566667	0.79266667	0.49608333	13.6	5.6	0.8	2.4	12.8	1.33764333
0.55625	0.79591667	0.49316667	1.6	2.4	0	1.6	4	1.33428475
0.54591667	0.82383333	0.67325	4	0.8	0	0	2.4	1.28120908
0.54891667	0.83979167	0.75329167	1.6	0	0	0	0.8	1.449444
0.58704167	0.83258333	0.69104167	0	0	0	0	0	1.5586295
0.61183333	0.817875	0.63916667	12.8	2.4	0	0	0	1.53692792
0.60225	0.809	0.60641667	0	0	0	0	0	1.48206754
0.5855	0.79895833	0.57495833	0	0	0	0	0	1.40704804
0.57	0.795375	0.6405	0	0	0	0	0	1.36718392
0.57804167	0.78633333	0.60458333	2.4	0	0	0	1.6	1.41816238
0.57433333	0.77670833	0.53670833	0.8	0	0	0	0	1.38310904
0.54220833	0.76808333	0.50091667	0	0	0	0	0	1.30225954
0.52316667	0.77058333	0.48425	13.6	10.4	6.4	7.2	16.8	1.24144146
0.52220833	0.77633333	0.47604167	4	2.4	0	0	0.8	1.21669917
0.51970833	0.78766667	0.4715	6.4	1.6	0	0	4	1.18564312
0.52495833	0.787625	0.547875	2.4	0	0	0	3.2	1.18904462
0.631208333	0.788791667	0.591666667	46.4	15.2	22.4	22.4	75.2	1.26197175
